1 [16, 19, 21, 25, 26, 29, 30, 35, 42, 44, 47, 48, 58]
2 [9, 11, 14, 16, 19, 21, 23, 25, 27, 31, 32, 34, 36, 37, 38, 40]
3 [0, 1, 3, 6, 7, 8, 9, 11, 12, 13, 14, 15, 16, 17, 18, 19, 20, 21, 22, 23, 24, 25, 27, 28, 29, 32, 33, 34, 35, 36, 37, 39, 41, 42, 43, 45, 46, 48, 49]
4 [14, 15, 17, 18, 23, 26, 27, 29, 32, 34, 41, 42]
5 [11, 20, 28, 30, 33, 34, 36, 37, 41, 42, 45, 47, 49, 50, 55, 58]
6 [10, 12, 13, 16, 17, 19, 24, 25, 27, 29, 30, 33, 34, 39, 42, 43, 45, 48, 49, 53, 54, 55, 56, 57, 65, 70]
7 [31, 36, 37, 38, 41, 43, 44, 47, 48, 50]
8 [6, 11, 28, 29, 40]
9 [1, 9, 12, 14, 17, 20, 21, 23, 24, 27, 29, 31, 32, 34, 36, 40]
10 [6, 9, 13, 15, 16, 18, 22, 26, 27, 43]
11 [2, 4, 13, 15, 19, 21, 22, 24, 27, 28, 29, 30, 34, 35, 37, 38, 39, 42, 43, 44, 47, 51]
12 [30, 39, 40, 42, 43, 44, 52]
13 [2, 4, 9, 11, 13, 15, 20, 24, 26, 31, 36, 40]
14 [14, 21, 24, 27, 29, 30, 32, 34, 36, 37, 39, 44, 52]
15 [6, 12, 17, 19, 20, 24, 25, 28, 29, 35]
16 [25, 26, 27, 28, 29, 30, 31, 32, 33, 36, 37, 38, 39, 40, 41, 42, 44, 45, 46, 48, 49, 50, 51, 54, 57, 58, 60, 61, 63]
17 [28, 30, 31, 33, 34, 36, 39, 40, 41, 42, 43, 52, 54]
18 [14, 15, 22, 23, 25, 28, 30, 31, 34, 37, 38, 39, 45]
19 [25, 27, 28, 29, 33, 34, 35, 36, 37]
20 [3, 10, 14, 22, 25, 26]
21 [11, 13, 18, 24, 28, 29, 35, 41]
22 [0, 6, 7, 14, 16, 19, 21, 23, 28, 29, 30, 32, 39]
23 [7, 8, 17, 19, 20, 22, 27, 29, 36, 37]
24 [8, 14, 18, 24, 27, 34, 41, 54]
25 [8, 13, 15, 16, 18, 25, 28, 29, 30, 33, 34, 36, 41]
26 [24, 26, 29, 30, 31, 33, 35, 36, 39, 40, 42, 45, 47, 48, 52, 54, 56]
27 [20, 21, 26, 29, 31, 32, 33, 36, 42, 48]
28 [23, 29, 30, 31, 32, 33, 34, 36, 40, 41, 44, 47, 48, 51, 52, 53]
29 [5, 6, 7, 9, 11, 13, 17, 18, 20, 21, 24, 25, 27, 31, 32]
30 [2, 9, 11, 15, 17]
31 [14, 24, 25, 30, 32, 33, 35, 37, 40]
32 [21, 28, 30, 31, 34, 42, 43, 49, 54]
33 [17, 18, 19, 20, 26, 33, 40, 43, 49, 52, 54, 56, 59, 60, 61, 65, 67]
34 [11, 14, 18, 21, 24, 28, 29, 30, 32, 36, 37, 41, 45, 46, 52]
35 [7, 8, 18, 21, 22, 25, 26, 30, 32, 35, 36, 38, 41, 42, 43, 45, 48, 53]
36 [14, 16, 17, 25, 28, 29]
37 [14, 16, 19, 20, 22, 23, 24, 25, 26, 27, 28, 33, 38, 40, 49]
38 [27, 28, 37, 46]
39 [18, 20, 25, 26, 29, 31, 34, 35, 36, 38, 40, 46, 49]
40 [9, 15, 16, 18, 22, 23, 24, 26, 27, 28, 29, 30, 36, 37]
41 [4, 15, 18, 21, 28]
42 [23, 27, 29, 30, 32, 36, 41, 44, 47]
43 [5, 6, 7, 9, 11, 14, 20, 24, 26, 30, 32, 34, 37, 40, 45]
44 [5, 14, 22, 26, 30, 31, 36, 39, 40, 44]
45 [18, 20, 26, 29, 30, 32, 34, 36, 38, 40, 41, 42, 43, 44, 47, 49]
46 [1, 7, 10, 11, 13, 15, 17, 19, 20, 22, 27, 29, 30, 31, 33, 34, 35, 37, 42, 44]
47 [13, 15, 22, 23, 26, 30, 35]
48 [4, 7, 11, 12, 14, 18, 19, 27, 28, 35, 37, 41, 42, 43, 45, 46, 51, 53, 55]
49 [16, 18, 19, 21, 22, 25, 26, 31, 32, 33, 38]
50 [4, 18, 23, 24, 25, 30, 35, 36, 39]
51 [9, 16, 20, 23, 26, 27, 31, 32]
52 [0, 22, 23, 27, 28, 31, 34, 36, 39, 40, 41, 44, 46, 53]
53 [16, 18, 23, 24, 26, 27, 29, 30, 31, 32, 34, 36, 37, 38, 39, 43, 47]
54 [9, 12, 16, 18, 20, 21, 22, 23, 25, 26, 27, 28, 32, 35, 36, 37]
55 [16, 23, 24, 25, 30, 31, 33, 37, 40, 48]
56 [5, 10, 14, 15, 16, 18, 19, 20, 22, 24, 25, 26, 27, 30, 31, 32, 33, 36, 38, 39, 40, 41, 42, 43, 47]
57 [10, 19, 20, 21, 22, 27, 30, 32, 35, 36, 38, 39, 40, 41, 42, 46]
58 [10, 20, 23, 24, 26, 27, 28, 29, 30, 31, 32, 33, 36, 37, 39, 40, 41, 42, 43, 44, 46, 47, 48, 49, 50, 54, 55, 58, 59]
59 [22, 29, 33, 34, 39, 40, 42, 43, 45, 47, 49, 50, 52, 55, 58, 60, 62, 64, 67, 68, 71, 76]
60 [26, 31, 33, 35, 37, 39, 41, 44, 45, 46, 47, 48, 51, 53, 54, 58]
61 [16, 20, 24, 25, 29, 31, 32, 43]
62 [13, 19, 27, 29, 31, 34, 40, 43, 48]
63 [3, 4, 5, 7, 10, 11, 12, 13, 14, 15, 17, 18, 19, 20, 21, 22, 23, 24, 25, 26, 27, 28, 29, 30, 31, 32, 33, 34, 35, 36, 37, 38, 39, 40, 41, 42, 43, 44, 45, 46, 48, 49, 50, 51, 52, 53, 54, 57, 58, 59, 60, 61, 62]
64 [12, 18, 20, 25, 27, 30, 40, 44, 48, 53, 54]
65 [6, 10, 15, 17, 19, 21, 27, 29, 32, 33]
66 [2, 4, 6, 11, 13, 14, 18, 20, 21, 24, 26, 27, 31, 32, 35, 36, 39, 41, 47]
67 [11, 13, 14, 20, 23, 28, 29, 30, 31, 34, 36, 37, 38, 41, 42, 43, 45, 46, 48, 50, 51, 56, 58, 59]
68 [11, 18, 25, 26, 29, 33, 36, 39, 40, 41, 42, 43, 45, 46, 50, 51, 52, 53, 56, 59, 60]
69 [8, 15, 19, 24, 26, 31, 32, 33, 37, 38]
70 [13, 23, 30, 33, 34, 41, 45]
71 [20, 28, 36, 40, 41, 43, 50]
72 [20, 22, 23, 25, 26, 27, 28, 29, 31, 32, 34, 35, 36, 38, 39, 42, 43, 44, 48, 49, 51]
73 [17, 18, 19, 20, 24, 25, 26, 28, 33, 34, 39]
74 [8, 11, 12, 14, 17, 18, 19, 20, 21, 24, 25, 27, 28, 30, 31, 34, 35, 36, 38, 41, 45]
75 [5, 10, 21, 22, 24, 25, 29, 30, 33, 34, 35, 36, 39, 40, 42, 48, 52, 53]
76 [7, 8, 9, 10, 13, 14, 15, 16, 18, 19, 23, 24, 26, 27, 29, 30, 32, 33, 34, 37, 38, 39, 43, 45, 48]
77 [6, 14, 17, 18, 20, 22, 23, 24, 26, 27, 28, 29, 30, 31, 32, 34, 35, 37, 38, 39, 40, 41, 42, 44, 46, 47, 48, 49, 51, 53, 54, 55, 56, 57, 58, 59, 62, 64, 67, 68, 73, 74, 82]
78 [2, 7, 8, 10, 11, 12, 13, 15, 16, 18, 19, 24, 26, 27, 31, 32, 33, 36, 41, 44, 49]
79 [8, 16, 20, 21, 23, 24, 26, 31, 32]
80 [9, 11, 14, 16, 19, 21, 23, 25, 27, 30, 31, 32, 34, 36, 37, 38, 40, 41, 42]
81 [0, 1, 2, 3, 5, 6, 8, 10, 11, 12, 13, 14, 15, 16, 17, 18, 19, 20, 21, 22, 23, 25, 26, 27, 28, 29, 30, 32, 33, 34, 35, 37, 38, 43, 44]
82 [1, 14, 19, 22, 23, 24, 25, 26, 27, 28, 29, 30, 33, 34, 36, 37, 38, 40, 42]
83 [4, 17, 19, 21, 22, 23, 24, 25, 27, 28, 29, 30, 31, 32, 33, 34, 35, 37, 39, 41, 44, 50]
84 [2, 4, 5, 7, 9, 13, 15, 17, 18, 19, 20, 21, 22, 23, 24, 25, 26, 27, 28, 29, 30, 31, 32, 33, 34, 37, 38, 40, 41, 44, 45, 46, 48, 50, 52, 53, 55, 56]
85 [9, 18, 19, 20, 21, 22, 23, 24, 25, 26, 27, 28, 29, 31, 32, 33, 44, 45]
86 [7, 8, 9, 12, 13, 14, 15, 16, 17, 19, 20, 21, 24, 25, 26, 27, 28, 29, 31, 32, 34, 35, 36, 37, 38, 39, 42, 43]
87 [2, 4, 7, 12, 13, 15, 19, 23, 25, 26, 27, 28, 32]
88 [30, 31, 32, 33, 34, 36, 37, 38, 42, 47, 50, 51, 52, 58]
89 [29, 30, 31, 32, 33, 35, 36, 37, 38, 40, 42, 43, 44, 45, 47, 51, 52, 53, 56, 57, 60, 62, 63]
90 [33, 35, 36, 39, 40, 41, 43, 44, 50, 51, 54, 60, 66, 74]
91 [14, 17, 18, 20, 22, 23, 25, 26, 27, 28, 31, 33]
92 [8, 23, 27, 31, 35, 38, 39, 43, 44, 47, 52, 57]
93 [10, 13, 14, 15, 17, 19, 20, 21, 25, 26, 27, 28, 29, 30, 31, 32, 34, 36, 38, 39, 41, 45]
94 [10, 19, 24, 28, 30, 32, 33, 34, 35, 39, 40, 41, 42, 45, 47, 49, 51, 54]
95 [0, 3, 6, 8, 10, 11, 16, 17, 18, 21, 22, 24, 25, 26, 27, 29, 30, 33, 34, 35, 36, 40, 41, 42, 43, 46, 47, 48, 49, 51, 53, 55]
96 [26, 31, 34, 37, 38, 39, 42, 43, 45, 46, 48, 50, 53, 56, 57, 59]
97 [22, 31, 33, 35, 36, 37, 38, 40, 41, 42, 44, 45, 48, 52]
98 [28, 29, 32, 35, 36, 39, 42, 45, 46, 48, 54, 56]
99 [38, 44, 53, 55]
100 [10, 11, 27, 28, 29, 37, 39, 40, 44, 50]
101 [11, 14, 15, 17, 20, 21, 23, 26, 28, 29, 31, 32, 33, 34, 35, 36, 37, 38, 39, 40, 41, 42, 43, 44, 45, 46, 47, 48, 49, 50, 51, 52, 53, 54, 55, 56, 57, 59, 60]
102 [8, 10, 11, 14, 16, 20, 21, 22, 23, 24, 25, 27, 28, 29, 32, 33, 34, 35, 36, 37, 38, 41, 42, 43, 44, 45, 46, 47, 49, 52, 53, 54]
103 [3, 8, 9, 14, 15, 16, 17, 18, 22, 23, 24, 25, 26, 27, 28, 29, 30, 31, 32, 34, 35, 36, 37, 38, 39, 40, 41, 42, 43, 44, 46, 47, 48, 49, 50]
104 [4, 11, 16, 19, 20, 21, 23, 26, 27, 29, 31, 32, 33, 36, 37, 38, 39, 40, 41, 42, 43, 44, 45, 46, 47, 48, 49, 51, 54, 55, 56, 57, 59]
105 [16, 17, 19, 23, 25, 26, 28, 36, 38, 40, 41, 45, 46, 47, 48, 50, 52, 54, 56, 57, 58, 64]
106 [1, 2, 7, 9, 15, 16, 17, 18, 26, 27, 28, 31, 33, 34, 35, 38, 39, 40, 41, 43, 44, 45, 46, 47, 48, 49, 51]
107 [6, 19, 21, 25, 27, 28, 36, 37, 38, 47, 48, 53, 54, 55, 57]
108 [9, 11, 12, 14, 17, 18, 20, 21, 22, 23, 24, 25, 27, 29, 30, 31, 32, 33, 34, 35, 36, 37, 38, 39, 40, 41, 42, 43, 44, 45, 46, 48, 50]
109 [9, 22, 24, 30, 44, 47, 48, 49, 52, 53, 57, 59, 60, 65, 66]
110 [11, 16, 17, 24, 26, 27, 32, 35, 36, 45, 47, 52, 53, 57, 58, 60, 61, 62]
111 [4, 11, 15, 16, 18, 19, 20, 21, 26, 28, 29, 30, 31, 32, 33, 35, 41, 45, 46, 47, 50, 52, 53, 54, 55, 56, 57, 61, 62]
112 [13, 16, 20, 21, 23, 24, 26, 27, 28, 29, 30, 31, 32, 33, 34, 35, 38, 40, 43]
113 [4, 5, 8, 10, 13, 14, 18, 21, 22, 23, 24, 26, 27, 28, 30, 31, 33, 34, 35, 36, 37, 39, 40, 41, 42, 45, 48, 49, 50, 51, 52, 55, 58, 59, 63]
114 [10, 13, 21, 22, 26, 27, 31, 34, 37, 54]
115 [5, 12, 15, 16, 20, 21, 23, 27]
116 [15, 21, 22, 23, 31, 32, 33, 34, 36, 37, 39, 42, 44, 45, 46, 47, 48, 49, 50, 51, 53, 54, 59, 62]
117 [11, 13, 21, 22, 23, 25, 26, 28, 30, 31, 35, 36, 37, 41, 42, 44, 48, 51, 59, 60]
118 [12, 24, 28, 29, 30, 31, 33, 38, 41, 42, 43, 52, 56, 57]
119 [14, 17, 19, 22, 23, 27, 28, 33, 34, 36, 39, 45, 46, 47, 48, 53, 54, 57, 58, 59]
120 [3, 10, 13, 16, 19, 24, 25, 30, 31, 32, 35, 37, 39, 40, 42, 48, 49, 50, 51, 53, 55]
121 [4, 5, 7, 8, 9, 10, 11, 14, 16, 17, 20, 21, 23, 24, 27, 29, 30, 32, 33, 34, 35, 36, 37, 38, 41, 42, 44, 45, 47, 48, 49, 51, 52, 53, 54, 56, 57, 58]
122 [8, 9, 16, 17, 18, 25, 28, 30, 36, 37, 38, 40, 42, 43, 44, 45, 46, 47, 48, 49, 50, 51, 52, 53, 54, 55, 56, 57, 58, 59, 60, 61, 64, 65, 66]
123 [0, 8, 9, 12, 13, 14, 15, 16, 17, 18, 20, 21, 23, 24, 26, 27, 28, 29, 30, 32, 33, 34, 35, 36, 37, 38, 39, 40, 41, 42, 43, 44, 45, 46, 47, 48, 49, 50, 51, 52, 53, 54, 55, 56, 57, 58, 59, 60, 61, 62]
124 [4, 5, 9, 10, 13, 14, 15, 16, 18, 20, 21, 22, 23, 24, 25, 26, 27, 29, 30, 31, 33, 34, 35, 36, 37, 38, 39, 40, 41, 42, 43, 44, 46, 47, 48, 50, 52, 53, 54]
125 [19, 23, 24, 25, 30, 31, 32, 33, 37, 40, 42, 47, 52, 53, 54, 59, 60, 65, 66, 67, 68, 69]
126 [7, 12, 13, 15, 16, 20, 21, 23, 25, 26, 29, 32, 34, 36, 37, 40, 41, 43, 46]
127 [9, 14, 16, 17, 19, 22, 24, 27, 28, 30, 32, 33, 34, 36, 37, 40, 42, 44, 45, 48, 50, 51, 52, 53, 57, 59, 60, 61, 65]
128 [1, 8, 11, 13, 15, 16, 20, 22, 25, 26, 27, 31, 32, 33, 34, 35, 36, 37, 38, 39, 40, 42, 43, 44, 46, 48, 49, 50]
129 [9, 10, 18, 22, 26, 29, 33, 37, 39, 47, 48, 49, 53, 56, 57, 59, 60, 62, 63]
130 [15, 17, 18, 19, 20, 22, 23, 24, 25, 26, 27, 28, 29, 31, 32, 33, 34, 35, 36, 37, 38, 40, 41, 42, 43, 45, 46, 48, 49, 50, 53, 54, 58]
131 [0, 22, 25, 26, 27, 28, 29, 30, 31, 32, 33, 34, 35, 36, 37, 38, 39, 40, 42, 43, 44, 45, 46, 47, 48, 49, 50]
132 [8, 10, 14, 16, 17, 18, 19, 20, 21, 23, 24, 27, 30, 31, 32, 33, 34, 35, 36, 37, 39, 40, 41, 44, 45, 47, 48, 49, 51, 52, 53, 55, 57, 58, 59, 67]
133 [6, 10, 12, 13, 14, 15, 16, 18, 19, 20, 22, 25, 26, 28, 29, 30, 31, 32, 33, 34, 36, 37, 38, 39, 40, 41, 42, 43, 45, 46, 47, 48, 49, 50, 51, 53, 54, 55, 56, 57, 58, 59, 60, 61]
134 [6, 11, 12, 15, 16, 17, 20, 24, 26, 27, 28, 29, 31, 34, 37, 38, 43, 44, 49]
135 [0, 7, 11, 12, 16, 17, 22, 23, 24, 25, 29, 30, 33, 37, 39, 47, 49, 51, 53, 65, 66]
136 [8, 11, 12, 13, 14, 17, 19, 20, 22, 23, 24, 25, 28, 30, 31, 33, 34, 36, 37, 40, 41, 42, 43, 44, 45]
137 [4, 9, 11, 12, 16, 21, 24, 25, 28, 29, 31, 32, 35, 37, 38, 39, 40, 43, 45, 46, 56, 57]
138 [6, 7, 9, 11, 15, 16, 18, 21, 22, 23, 29, 30, 36, 37, 40, 41, 42, 46, 47, 48, 50, 52, 53, 55, 56, 63]
139 [7, 13, 15, 17, 22, 31, 36, 39, 47, 48, 54, 55, 56, 57, 58, 59, 60, 65, 66, 67, 70, 76, 77]
140 [17, 21, 23, 26, 28, 33, 34, 38, 39, 40, 43, 44, 45, 46, 47, 50, 51, 52, 53, 54, 57, 58]
141 [1, 4, 5, 6, 7, 8, 9, 12, 13, 15, 16, 17, 18, 19, 20, 21, 22, 23, 24, 25, 26, 27, 28, 29, 30, 31, 32, 33, 34, 35, 36, 37, 39, 40, 41, 42, 43, 44, 45, 46, 47, 50]
142 [1, 3, 4, 7, 10, 13, 15, 16, 17, 18, 19, 20, 21, 22, 24, 26, 27, 29, 30, 32, 33, 34, 35, 36, 37, 38, 40, 41, 43, 44, 45, 46, 48, 50, 51, 52, 56, 57, 58, 59, 60]
143 [3, 15, 17, 18, 19, 21, 24, 27, 30, 35, 38, 39, 45, 46, 47, 49, 51, 52, 54, 55, 56, 57]
144 [2, 9, 14, 17, 18, 21, 25, 29, 31, 32, 34, 35, 37, 41]
145 [6, 7, 11, 14, 22, 29, 37, 38, 48, 49, 51]
146 [5, 7, 12, 16, 17, 20, 21, 22, 23, 24, 26, 27, 29, 30, 31, 32, 33, 34, 35, 36, 37, 38, 39, 40, 42, 43, 44, 45, 46, 47, 48, 49, 53, 54, 55, 56, 57, 58, 59, 60, 62, 65, 66, 67, 68]
147 [6, 12, 15, 16, 17, 19, 20, 21, 24, 26, 27, 29, 31, 32, 34, 35, 36, 37, 38, 40, 41, 42, 44, 45, 47, 48, 52]
148 [8, 10, 12, 14, 16, 18, 19, 20, 21, 22, 24, 26, 27, 28, 30, 31, 32, 35, 36, 37, 38, 40, 41, 43, 44, 45, 47]
149 [5, 7, 9, 11, 12, 14, 15, 18, 19, 20, 24, 26, 27, 29, 30, 33, 34, 35, 37, 38, 39, 40, 42, 43, 45, 46, 49, 52, 53]
150 [5, 6, 7, 8, 9, 11, 13, 16, 17, 18, 21, 22, 23, 24, 27, 29, 30, 31, 32, 34, 35, 36, 38, 39, 40, 41, 43, 44, 45, 46, 47, 48, 49, 50]
151 [9, 10, 12, 13, 14, 15, 16, 17, 18, 21, 23, 24, 25, 26, 27, 28, 29, 30, 31, 33, 34, 35, 36, 37, 38, 39, 40, 41, 43, 44, 48, 49, 53, 54, 55]
152 [11, 14, 15, 20, 23, 24, 30, 31, 33, 34, 37, 38, 39, 40, 41, 42, 44, 45, 48, 49, 50, 51, 52, 54, 55, 56, 57, 58, 60, 61, 63, 65, 66, 67, 71, 73, 74, 75, 76]
153 [21, 25, 26, 28, 31, 33, 34, 35, 36, 37, 38, 40, 41, 42, 43]
154 [9, 14, 19, 20, 21, 24, 28, 30, 32, 33, 38, 39, 40, 41, 42, 43, 45, 49, 55, 59, 60, 61, 66, 67, 70]
155 [27, 28, 35, 36, 40, 42, 43, 48, 49, 54, 55, 56]
156 [4, 12, 13, 15, 17, 18, 19, 22, 23, 25, 27, 28, 31, 32, 33, 34, 35, 36, 37, 39, 40, 41, 42, 43, 45, 46, 47, 49, 50, 51, 52, 53, 54, 55, 56, 57, 58, 59, 61, 62, 63, 64, 65, 66, 67, 68, 69]
157 [13, 20, 22, 23, 26, 28, 30, 31, 33, 35, 36, 39, 40, 41, 43, 45, 46, 49, 50, 52]
158 [9, 10, 14, 17, 19, 20, 21, 22, 23, 24, 25, 26, 27, 30, 31, 33, 34, 37, 38, 40, 41, 42, 47, 52, 57]
159 [11, 13, 14, 16, 19, 21, 22, 23, 24, 25, 26, 28, 29, 30, 31, 33, 34, 36, 37, 38, 39, 40, 41, 42, 43, 45, 46, 47, 48, 49, 50, 51, 52, 53, 55, 56, 57, 58, 61, 62]
160 [16, 17, 18, 21, 23, 24, 26, 30, 31, 32, 33, 35, 37, 41, 42, 43, 44, 45]
161 [1, 2, 3, 4, 5, 6, 7, 8, 9, 10, 11, 12, 13, 14, 15, 16, 17, 18, 19, 20, 21, 22, 23, 24, 25, 26, 27, 28, 29, 30, 31, 33, 34, 35, 36, 37, 38, 39, 40, 41, 42, 43, 44, 45, 46, 47, 48, 49, 50]
162 [2, 3, 7, 8, 12, 13, 15, 16, 20, 21, 23, 24, 25, 27, 28, 29, 30, 32, 34, 35, 36, 37, 40, 43, 44, 47, 48, 51, 52, 53, 54, 56, 59, 60]
163 [10, 11, 13, 14, 16, 18, 19, 20, 23, 24, 25, 26, 30, 31, 32, 33, 34, 36, 37, 39, 41, 42, 44, 45, 46, 47, 48, 49, 50, 51, 52, 53, 54, 55, 56]
164 [9, 12, 16, 17, 19, 20, 21, 22, 24, 25, 26, 27, 29, 30, 32, 33, 34, 35, 36, 37]
165 [12, 15, 17, 18, 26, 27, 29, 30, 34, 37, 38, 41, 44, 45, 47]
166 [0, 7, 11, 14, 18, 20, 22, 24, 25, 29, 33, 34]
167 [5, 6, 7, 10, 12, 13, 14, 17, 19, 21, 23, 24, 25, 26, 27, 28, 29, 30, 32, 33, 34, 35, 36, 37, 38, 39, 40, 41, 42, 43, 44, 45, 46, 47, 48, 49, 52, 55]
168 [1, 7, 9, 14, 21, 24, 25, 29, 32, 33, 34, 35, 38, 42, 43, 45, 46, 50, 51, 52, 55, 56, 57, 59, 61, 63, 64, 65, 66, 67]
169 [26, 28, 30, 32, 33, 34, 35, 36, 37, 39, 40, 41, 42, 46, 47, 53, 54]
170 [10, 11, 14, 15, 17, 18, 21, 22, 25, 26, 27, 28, 30, 32, 33, 35, 37, 38, 41, 43, 44, 45, 46, 48, 50, 53, 54, 55, 56]
171 [30, 36, 40, 41, 42, 43, 48, 49, 50, 56, 57, 58, 63, 67, 72, 73, 74, 79, 80, 81, 82]
172 [10, 13, 17, 19, 25, 26, 29, 30, 31, 32, 35, 38, 40, 41, 45, 48, 50, 52]
173 [5, 7, 13, 14, 15, 16, 17, 18, 19, 20, 22, 23, 25, 26, 27, 28, 29, 30, 31, 32, 33, 34, 36, 37, 39, 44, 45]
174 [10, 11, 13, 15, 16, 17, 20, 23, 24, 25, 26, 27, 28, 29, 30, 31, 32, 34, 35, 37, 38, 40, 41, 42, 44, 45, 46, 47, 48, 50, 52, 53, 54, 55, 56]
175 [0, 1, 3, 4, 5, 6, 7, 9, 10, 11, 13, 14, 15, 16, 17, 18, 19, 21, 22, 23, 24, 25, 26, 27, 28, 29, 30, 31, 32, 33, 34, 35, 36, 37, 39, 40, 42, 43, 44, 46, 47, 48, 49, 50, 51, 52, 53, 54, 56, 57, 58, 61]
176 [1, 2, 18, 25, 29, 30, 33, 34, 37, 38, 40, 41, 45, 46, 50, 51, 55]
177 [3, 7, 8, 9, 10, 13, 14, 17, 18, 19, 20, 21, 25, 26, 27, 28, 29, 30, 31, 32, 34, 35, 36, 37, 38, 39, 41, 42, 43, 45, 46, 47, 49, 50, 51, 52, 53, 54, 55, 57]
178 [6, 13, 14, 15, 17, 19, 20, 21, 22, 23, 24, 25, 26, 27, 28, 29, 30, 31, 32, 33, 34, 35, 37, 38, 39, 41, 43, 46, 47, 50, 64]
179 [9, 10, 17, 19, 21, 22, 23, 26, 29, 30, 31, 32, 35, 36, 37, 41, 43, 44, 46, 47, 48, 50, 51, 52, 53, 54, 55, 56, 58]
180 [11, 13, 17, 19, 22, 25, 27, 28, 29, 30, 32, 35, 36, 37, 41, 42, 43, 44, 45, 48, 49, 51, 53, 54, 55, 56, 57, 60, 61, 62, 64, 70]
181 [4, 8, 9, 11, 12, 14, 16, 17, 20, 21, 22, 23, 25, 27, 28, 29, 31, 32, 33, 34, 35, 38, 39, 40, 41, 42, 43, 45, 47, 48, 49, 50, 51, 52, 53, 56]
182 [1, 9, 23, 27, 31, 33, 34, 35, 39, 41, 43, 51]
183 [3, 4, 11, 12, 13, 14, 15, 16, 17, 18, 19, 21, 22, 23, 24, 25, 26, 27, 28, 29, 30, 31, 32, 33, 34, 35, 36, 37, 38, 39, 41, 42, 46, 47, 48, 56]
184 [7, 21, 26, 27, 28, 31, 32, 35, 38, 39, 40, 42, 45, 46, 47, 50, 53, 54, 56, 60, 61, 64, 65, 66, 68, 70, 72, 73]
185 [1, 2, 6, 7, 10, 11, 13, 14, 15, 16, 17, 18, 20, 21, 22, 23, 24, 25, 27, 28, 29, 30, 31, 32, 33, 34, 35, 36, 38, 39, 40, 41, 42, 43, 44, 45, 46, 47, 49, 50, 51, 52, 53, 55, 56, 57, 58, 59, 61, 62, 63, 65, 66]
186 [2, 14, 16, 17, 22, 23, 25, 27, 29, 31, 32, 33, 34, 35, 36, 37, 39, 41, 43, 48, 49, 51, 53]
187 [16, 22, 24, 26, 28, 32, 33, 34, 35, 38, 40, 41, 43, 45, 47, 48, 49, 52, 53, 54, 58, 59, 60, 64, 66]
188 [2, 3, 9, 10, 14, 15, 16, 17, 18, 21, 22, 24, 25, 26, 28, 30, 31, 32, 33, 34, 35, 37, 38, 39, 40, 41, 42, 44, 45, 47, 48, 49, 51, 53, 54, 55, 56, 58]
189 [5, 6, 7, 8, 9, 10, 11, 12, 13, 15, 16, 17, 18, 19, 20, 21, 22, 23, 24, 25, 26, 29, 30, 31, 32, 34, 35, 36, 37, 38, 39, 41, 42, 43, 44, 46, 47, 50, 51, 52, 59]
190 [8, 17, 19, 22, 23, 25, 26, 27, 28, 29, 32, 33, 34, 35, 39, 41, 42, 43, 47, 49]
191 [6, 8, 10, 12, 14, 15, 16, 18, 19, 20, 22, 23, 24, 25, 26, 28, 29, 30, 31, 32, 35, 36, 37, 38, 39, 40, 42, 43, 44, 45, 47, 48, 49, 50, 52, 53, 54, 55, 56, 57, 58]
192 [0, 1, 8, 11, 20, 22, 25, 27, 28, 29, 30, 31, 34, 35, 37, 39, 41, 43, 44, 45, 46, 50, 52, 53, 56, 57, 58, 62, 63, 65]
193 [10, 19, 20, 22, 23, 27, 28, 29, 30, 33, 34, 36, 37, 41, 43, 45, 46, 49, 52, 59, 62]
194 [2, 6, 7, 8, 9, 10, 12, 13, 14, 15, 16, 17, 18, 19, 20, 21, 22, 23, 24, 25, 26, 27, 28, 29, 30, 31, 32, 33, 34, 35, 36, 37, 38, 39, 40, 41, 42, 43, 44, 45, 46, 47, 48, 49, 50, 51, 52, 53, 54, 55, 56, 57, 58, 59]
195 [3, 10, 11, 12, 14, 15, 16, 18, 20, 21, 22, 23, 25, 26, 28, 30, 33, 38]
196 [0, 11, 12, 15, 16, 17, 18, 19, 21, 22, 23, 25, 26, 27, 28, 29, 32, 33, 34, 35, 36, 38, 40, 41, 43, 44, 45, 46, 47, 49, 50, 51, 52, 53, 54, 55, 56, 57, 59, 61, 62]
197 [3, 7, 9, 10, 14, 15, 16, 17, 18, 22, 24, 27, 28, 29, 34, 37, 38, 40, 42, 45, 47, 49, 50, 51, 53, 55, 56, 57, 58, 59, 61, 62, 63, 64, 67, 68, 69]
198 [7, 10, 11, 14, 17, 21, 23, 24, 25, 29, 33, 34, 37, 38, 39, 41, 43, 46, 53, 54, 55, 57]
199 [15, 16, 18, 19, 23, 24, 28, 29, 30, 32, 34, 35, 36, 37]
200 [10, 11, 14, 16, 19, 22, 25, 26, 29, 30, 31, 32, 33, 34, 35, 36, 37, 39, 41, 42, 43, 45, 47, 48, 49, 51, 53, 54, 55, 56, 57]
201 [6, 9, 11, 12, 13, 14, 15, 16, 18, 19, 21, 22, 23, 25, 26, 28, 29]
202 [25, 29, 31, 33, 39, 41, 44, 51, 59]
203 [7, 11, 13, 17, 18, 21, 22, 23, 25, 28, 29, 30, 34, 37, 40, 41]
204 [15, 18, 23, 26, 27, 30, 33, 34, 35, 38, 39, 40, 41, 44, 47, 50, 59]
205 [18, 22, 27, 28, 31, 33, 34, 35, 36, 40, 42, 44, 45, 47, 57]
206 [14, 26, 29, 30, 31, 35, 37, 38, 39, 43, 45, 46, 47, 49, 51, 52, 53, 56, 57, 60]
207 [9, 16, 17, 22, 23, 26, 27, 29, 31, 32, 34, 36, 37, 41, 42, 47]
208 [13, 20, 28, 31, 32, 37, 40, 44, 50]
209 [22, 25, 26, 30, 31, 34, 37, 41, 42, 47, 59, 61]
210 [26, 32, 33, 35, 37, 41, 43, 44, 45, 47, 48, 51, 52, 55, 56, 57]
211 [9, 26, 27, 29, 37, 39, 41, 43, 47, 53]
212 [23, 26, 34, 37, 38, 39, 40, 41, 45, 47, 50, 61]
213 [14, 17, 20, 23, 24, 28, 31, 32, 34, 37, 39, 45, 46, 47, 49, 53, 54, 57, 60]
214 [20, 23, 24, 27, 29, 30, 33, 38]
215 [20, 24, 25, 29, 30, 34, 37, 43, 56]
216 [24, 27, 34, 38, 42, 48, 53]
217 [5, 6, 7, 11, 12, 14, 16, 18, 19, 20, 22, 23, 24, 25, 26, 27, 28, 29, 30, 32, 33, 34, 35, 36, 37, 38, 39, 40, 41, 43, 44, 45, 46, 47, 48, 50]
218 [17, 25, 31, 32, 36, 37, 38, 41, 43, 47, 48, 49, 53]
219 [4, 7, 9, 12, 13, 15, 17, 18, 19, 20, 21, 24, 25, 27, 28, 29, 30, 31, 32, 33, 34, 35, 37, 38, 39, 40, 41, 42, 46]
220 [25, 26, 27, 29, 32, 35, 36, 37, 41, 46, 49, 50, 53, 55, 58, 59]
221 [8, 18, 19, 26, 27, 28, 32, 33, 36, 37, 39, 40, 42, 44, 46, 50, 51, 52, 54]
222 [1, 5, 14, 15, 17, 18, 25, 26, 30, 32, 35, 39, 43, 46, 47, 51, 52, 55, 56, 60, 66, 70]
223 [1, 10, 14, 15, 18, 20, 22, 24, 25, 26, 27, 28, 30, 31, 33, 36, 37, 40, 43, 45, 51, 64]
224 [11, 13, 21, 23, 27, 28, 33, 37, 40, 42, 46, 49, 50, 60]
225 [5, 7, 14, 17, 19, 20, 22, 23, 26, 27, 29, 30, 32, 37, 38, 41, 46, 48, 52]
226 [17, 27, 29, 37, 38, 44, 47, 55]
227 [1, 7, 10, 13, 15, 16, 21, 22, 23, 24, 27, 28, 29, 32, 35, 38, 40, 42, 45, 50]
228 [11, 16, 19, 20, 23, 24, 25, 27, 28, 31, 32, 34, 35, 36, 37, 41, 42, 43, 46]
229 [21, 24, 27, 29, 31, 32, 34, 35, 45]
230 [9, 12, 13, 19, 20, 23, 27, 28, 29, 30, 31, 32, 33, 34, 35, 36, 37, 38, 40, 41, 42, 44, 45, 46, 47, 49, 52, 53, 54, 55, 56]
231 [6, 9, 10, 12, 13, 15, 16, 17, 18, 20, 23, 24, 25, 26, 28, 29, 32, 33, 38, 41, 43, 50, 51]
232 [19, 20, 22, 27, 32, 37, 42, 46, 50]
233 [25, 27, 35, 37, 39, 41, 43, 44, 49, 51, 52, 55, 59, 60, 61]
234 [9, 16, 20, 21, 23, 26, 27, 28, 30, 32, 33, 34, 36, 38, 40, 41, 48, 49, 52, 53, 56, 57, 58, 62, 64]
235 [8, 9, 13, 14, 17, 18, 19, 20, 21, 22, 23, 24, 25, 26, 27, 28, 29, 30, 31, 32, 33, 34, 35, 36, 37, 38, 40, 41, 42, 43, 46, 47, 48, 49, 52, 56, 57, 58, 63]
236 [7, 11, 14, 19, 21, 25, 26, 27, 30, 31, 32, 33, 38, 41, 44, 45, 48]
237 [13, 18, 24, 28, 29, 32, 35, 39, 40, 43, 45, 53]
238 [9, 14, 18, 19, 24, 26, 27, 29, 31, 34, 35, 36, 44, 45]
239 [5, 12, 14, 20, 21, 23, 24, 26, 29, 31, 34, 35, 37, 40, 43, 45, 50, 52, 53, 62]
240 [22, 27, 28, 30, 31, 32, 35, 36, 37, 39, 44, 45, 48, 54, 61]
241 [22, 23, 24, 27, 28, 30, 32, 35, 37, 42, 44, 46, 47]
242 [9, 10, 13, 15, 17, 20, 21, 22, 26, 27, 36, 37, 38, 42, 43, 44, 50, 51, 52, 55, 56, 59, 61, 62, 63, 64, 66, 67, 68]
243 [15, 23, 24, 25, 26, 27, 28, 30, 31, 32, 33, 34, 36, 39, 40, 44, 45, 48, 50, 58, 62, 64, 68, 70]
244 [8, 16, 19, 20, 21, 22, 26, 41]
245 [7, 12, 13, 19, 24, 27, 28, 29, 32, 34, 38, 44, 47]
246 [5, 7, 17, 18, 19, 21, 22, 23, 25, 26, 28, 29, 30, 31, 32, 34, 35, 37, 38, 39, 42, 43, 46, 50, 56]
247 [16, 20, 25, 29, 30, 33, 36, 37, 38, 39, 41, 42, 43, 44, 45, 46, 48, 49, 50, 51, 52, 53, 54, 55]
248 [23, 28, 30, 33, 36, 37, 38, 39, 40, 42, 43, 44, 48]
249 [9, 20, 24, 25, 27, 28, 29, 30, 32, 33, 35, 36, 37, 41, 42, 44]
250 [13, 16, 21, 22, 23, 24, 25, 26, 27, 28, 29, 31, 32, 33, 34, 35, 36, 37, 40, 41, 42, 43, 44, 46, 47, 48, 49, 50, 51, 52, 53]
251 [1, 3, 14, 19, 20, 22, 23, 25, 26, 29, 30, 31, 32, 34, 35, 37, 41]
252 [7, 8, 11, 14, 15, 18, 20, 21, 22, 24, 25, 29, 30, 35, 36, 37, 38, 41, 50, 54]
253 [13, 18, 25, 26, 27, 29, 30, 35, 36, 37, 40, 43, 47, 48, 50, 54]
254 [16, 17, 18, 21, 24, 25, 30, 31, 35, 40, 42, 44, 45, 48, 49, 50]
255 [8, 21, 23, 26, 27, 29, 30, 32, 34, 35, 39, 40, 41, 42, 44, 45, 47, 48, 49, 50, 52, 53, 55, 59, 62, 63, 66]
256 [9, 12, 14, 18, 19, 20, 24, 25, 26, 28, 29, 31, 32, 34, 35, 36, 38, 40, 41, 43, 44, 47, 55]
257 [6, 14, 16, 17, 19, 21, 23, 24, 25, 26, 27, 28, 29, 30, 32, 33, 35, 36, 37, 38, 39, 42, 43, 45, 47, 48]
258 [1, 16, 17, 23, 24, 29, 30, 34, 42]
259 [17, 20, 22, 23, 24, 26, 27, 32, 39, 47, 49]
260 [17, 28, 30, 32, 33, 34, 35, 36, 38, 39, 40, 41, 42, 43, 44, 46, 48]
261 [33, 35, 38, 45, 47, 49, 53, 57]
262 [13, 14, 18, 19, 20, 22, 23, 24, 25, 26, 27, 28, 32, 33, 35, 39, 40, 42, 43, 44, 49, 51, 56, 63, 67]
263 [9, 10, 15, 16, 17, 18, 20, 25, 26, 27, 28, 31, 33, 34, 35, 38, 39, 41, 43, 44, 45, 46, 50, 53, 54, 56, 58]
264 [9, 12, 21, 26, 28, 32, 33, 39]
265 [11, 17, 21, 22, 23, 24, 27, 29, 30, 31, 32, 34, 39, 41, 43, 50, 54]
266 [17, 22, 25, 26, 28, 29, 30, 33, 35, 37, 39, 41, 42, 45, 46, 47, 48]
267 [8, 14, 16, 19, 23, 25, 26, 30, 34, 36, 39, 41, 45, 46, 50, 64]
268 [5, 6, 9, 14, 18, 21, 24, 27, 33, 35, 38, 39, 40, 41, 42, 43, 44, 45, 48, 51]
269 [11, 16, 18, 22, 24, 26, 29, 30, 31, 39, 41, 42, 44, 46, 50, 51, 55]
270 [2, 11, 12, 14, 16, 17, 19, 20, 21, 22, 23, 24, 26, 28, 31, 33, 34, 35, 39, 41, 44]
271 [7, 13, 18, 22, 23, 25, 29, 30, 31, 35, 37, 38, 39]
272 [7, 19, 21, 22, 25, 27, 28, 32, 33, 37, 38, 39, 40, 42, 43, 44, 46, 47, 48, 49, 51, 52, 53, 56, 60, 62, 65]
273 [0, 11, 14, 16, 17, 21, 22, 25, 26, 27, 29, 30, 32, 33, 34, 36, 38, 41, 42, 45, 46]
274 [3, 19, 21, 22, 29, 31, 35, 37, 38, 42, 46, 48, 55, 58]
275 [13, 15, 23, 24, 26, 29, 30, 31, 32, 34, 35, 36, 38, 39, 41, 43, 45, 46, 48, 49, 50, 59]
276 [17, 18, 19, 20, 21, 23, 24, 25, 27, 28, 32, 33, 34, 41, 43, 44, 49, 57]
277 [4, 11, 14, 17, 25, 27, 29, 30, 32, 35, 38, 41, 56]
278 [11, 19, 20, 21, 22, 23, 25, 26, 27, 28, 30, 31, 32, 33, 34, 35, 36, 37, 38, 39, 40, 41, 43, 44, 46, 48, 50, 51, 52]
279 [13, 17, 22, 24, 26, 27, 28, 29, 30, 32, 33, 35, 36, 37, 40, 42, 44, 45, 46, 48]
280 [11, 22, 23, 24, 28, 29, 31, 33, 34, 37, 40, 42, 44, 45, 58]
281 [7, 15, 22, 23, 29, 34, 38, 39, 41, 42, 47, 53, 61, 63, 71]
282 [1, 2, 3, 4, 5, 8, 9, 10, 11, 12, 13, 14, 15, 16, 17, 18, 19, 20, 21, 22, 23, 24, 25, 26, 27, 28, 29, 30, 31, 32, 33, 34, 35, 36, 37, 38, 39, 40, 41, 42, 43, 44, 45, 46, 47, 48, 49, 50, 51, 52, 53, 54, 55, 56, 57]
283 [7, 13, 15, 17, 18, 19, 20, 21, 22, 23, 24, 25, 27, 28, 30, 33, 34, 36, 39, 41, 58]
284 [25, 31, 39, 40, 41, 42, 43, 44, 45]
285 [1, 9, 10, 14, 15, 18, 25, 26, 27, 31, 34, 36, 41, 43, 44, 49, 52, 55]
286 [16, 18, 19, 22, 25, 27, 28, 29, 30, 31, 32, 34, 35, 36, 37, 38, 39, 41, 42, 44, 46, 48, 49, 50, 52, 53, 55, 57]
287 [4, 5, 6, 13, 15, 18, 20, 21, 23, 27, 28, 29, 30, 32, 33, 40, 41, 47, 57]
288 [7, 18, 19, 21, 24, 25, 26, 27, 28, 30, 31, 33, 34, 35, 37, 38, 39, 40, 41, 43, 44, 45, 46, 47, 49, 51, 53, 54]
289 [15, 16, 17, 20, 21, 23, 28, 29, 30, 32, 34, 36, 38, 41, 47, 48]
290 [3, 7, 10, 13, 15, 16, 19, 20, 24, 25, 26, 27, 28, 31, 32, 33, 34, 35, 36, 37, 38, 39, 40, 43, 44, 45, 47]
291 [24, 30, 35, 36, 47, 48, 49, 50, 53]
292 [9, 15, 17, 20, 22, 23, 24, 25, 26, 29, 31, 32, 34, 36, 37, 38, 41, 45, 47, 55, 56, 64, 65]
293 [24, 25, 27, 29, 32, 40, 45, 47, 49, 53, 55, 62]
294 [4, 15, 17, 18, 19, 23, 24, 25, 26, 27, 28, 31, 32, 33, 34, 35, 36, 38, 39, 42, 43, 44, 46, 48, 52, 55, 58]
295 [16, 18, 21, 27, 28, 30, 33, 35, 36, 38, 41, 45, 46, 47, 51, 53, 54, 56, 60]
296 [6, 13, 17, 21, 22, 23, 24, 29, 30, 31, 32, 35, 37, 38, 39, 41, 43, 45, 52, 58, 60, 62]
297 [9, 10, 12, 16, 20, 22, 23, 24, 29, 32, 36, 39, 41, 43, 46, 49, 53]
298 [10, 12, 16, 18, 21, 22, 24, 25, 26, 27, 29, 31, 33, 34, 35, 36, 40, 41, 42, 43, 45, 46, 47, 50, 52, 58]
299 [0, 17, 18, 19, 20, 22, 23, 24, 25, 26, 27, 28, 29, 30, 31, 32, 33, 34, 35, 37, 39, 40, 43]
300 [9, 14, 16, 17, 31, 40, 41, 49, 51, 53, 56]
301 [1, 3, 7, 10, 11, 17, 21, 24, 29, 30, 32, 36, 39, 42, 43, 48, 51, 52, 58, 60, 64]
302 [7, 15, 17, 20, 22, 28, 29, 30, 31, 34, 35, 36, 38, 44, 45, 48]
303 [1, 3, 8, 14, 21, 30]
304 [9, 16, 18, 20, 24, 25, 26, 28, 32, 33, 35, 36, 37, 38, 39, 40, 42, 44, 48, 49, 50, 51]
305 [16, 19, 20, 24, 30, 31, 32, 42, 47]
306 [12, 18, 24, 27, 28, 29, 32, 34, 35, 37, 40, 41]
307 [19, 23, 25, 27, 28, 30, 31, 34, 35, 36, 37, 38, 39, 40, 41, 43, 44, 45, 46, 48, 50, 51, 52, 55, 56, 57, 60, 61, 63, 66]
308 [1, 3, 16, 17, 18, 19, 20, 23, 25, 26, 29, 33, 34, 35, 39, 41, 43, 47, 49, 53]
309 [1, 10, 12, 13, 14, 16, 17, 18, 20, 22, 26, 27, 28, 29, 32, 33, 35, 37, 41, 44, 45, 56, 57, 62, 66]
310 [25, 27, 31, 38, 45, 47, 48, 50, 52, 53, 54, 58, 59]
311 [12, 13, 15, 16, 19, 20, 21, 22, 23, 24, 25, 26, 28, 29, 31, 32, 33, 38, 39, 40, 41, 49, 50, 57, 63, 67, 71]
312 [23, 28, 29, 36, 37, 41, 42, 46, 51, 53]
313 [3, 4, 5, 8, 10, 15, 16, 22, 27, 31, 32, 40, 41, 45, 50]
314 [7, 10, 14, 22, 24, 26, 27, 31, 32, 34, 36, 37, 38, 39, 41, 42, 47, 49, 54, 56, 57, 61, 63, 73]
315 [17, 22, 26, 34, 36, 41, 42, 46, 47, 48, 50, 51, 53, 54]
316 [0, 20, 24, 25, 27, 30, 36, 39, 44, 46, 48, 50, 55, 56, 60]
317 [11, 12, 14, 16, 17, 20, 21, 22, 24, 25, 26, 27, 28, 29, 31, 34, 35, 37, 38, 39, 40, 41, 42, 43, 45, 46, 47, 49, 50, 51, 56, 57]
318 [10, 11, 17, 19, 20, 21, 22, 23, 24, 27, 28, 33, 34, 36, 38, 41, 42, 43, 44, 46, 47, 50, 51, 52, 53, 55, 56, 58, 59, 61, 64, 65]
319 [9, 13, 15, 20, 21, 23, 24, 25, 31, 32, 33, 36, 37, 40, 41, 42, 46, 50, 51, 54, 57, 58, 69]
320 [17, 18, 19, 21, 22, 23, 25, 26, 27, 28, 30, 32, 33, 35, 36, 37, 38, 42, 44]
321 [8, 10, 13, 14, 16, 17, 19, 20, 21, 22, 26, 27, 28, 29, 31, 39]
322 [30, 31, 35, 36, 39, 41, 47, 48]
323 [7, 17, 23, 26, 28, 37, 41, 43, 44, 45, 48, 51, 52, 60, 61, 62]
324 [2, 4, 7, 9, 13, 16, 17, 18, 19, 22, 23, 25, 28, 29, 31, 32, 33, 34, 35, 36, 37, 38, 42, 43, 44, 46, 48, 50, 51, 52, 55]
325 [12, 14, 15, 16, 18, 19, 20, 21, 22, 23, 25, 27, 28, 29, 30, 31, 34, 36, 38, 39, 40, 41, 42, 44, 46, 47, 48, 49, 51, 52, 53, 55, 56, 57, 58, 59, 60, 63]
326 [0, 1, 2, 3, 6, 9, 10, 12, 13, 14, 17, 18, 19, 20, 21, 22, 23, 24, 25, 26, 27, 28, 29, 30, 32, 33, 34, 35, 37, 38, 39, 40, 41, 42, 43, 44, 46, 47, 48, 49, 50, 51, 52, 54, 55, 57, 58, 59, 61, 63]
327 [33, 36, 37, 39, 40, 41, 44, 45, 52, 56, 60, 62]
328 [10, 11, 13, 14, 17, 18, 19, 20, 21, 22, 23, 24, 26, 27, 29, 30, 31, 33, 34, 36, 39, 40, 42, 43, 45, 46, 48]
329 [9, 15, 19, 20, 22, 26, 27, 28, 29, 31, 32, 33, 34, 37, 38, 40, 42, 43, 44, 46, 47, 48, 49]
330 [10, 13, 16, 17, 18, 20, 21, 24, 25, 26, 27, 28, 30, 31, 33, 34, 36, 37, 41, 42, 43]
331 [14, 17, 18, 19, 20, 21, 22, 25, 27, 28, 29, 30, 31, 37, 38, 39, 40, 41, 42, 43, 45, 47, 49, 50, 55, 57, 58, 61]
332 [14, 15, 16, 17, 23, 24, 27, 29, 30, 32, 34, 35, 38, 39]
333 [30, 32, 33, 34, 37, 41, 44]
334 [4, 6, 10, 13, 14, 15, 18, 20, 21, 25, 26, 27, 28, 32, 33, 34, 35, 36, 37, 39, 40, 41, 42, 43, 44, 45]
335 [5, 19, 27, 34, 36, 43, 44, 51]
336 [18, 23, 26, 27, 29, 31, 33, 34, 35, 38, 41, 43]
337 [6, 9, 10, 12, 13, 14, 15, 16, 18, 19, 20, 21, 22, 23, 25, 26, 29, 32, 33, 35, 36, 37, 39, 40, 42, 44, 45, 47, 53, 56]
338 [3, 5, 7, 8, 9, 10, 12, 13, 14, 15, 17, 18, 19, 20, 21, 22, 23, 24, 25, 26, 27, 29, 30, 32, 33, 34, 35, 39, 40, 41, 42, 44, 46, 47, 48, 49, 50, 51, 53, 54, 56, 58]
339 [8, 11, 12, 16, 17, 19, 21, 22, 23, 24, 25, 28, 29, 31, 32, 33, 36, 37, 38, 39, 40]
340 [9, 11, 12, 13, 15, 16, 17, 18, 19, 20, 22, 23, 24, 27, 28, 29, 30, 35, 36, 37, 39, 40, 41, 43, 44, 45, 46, 47, 48, 49, 51, 52, 53, 54, 55, 56, 57, 58, 59, 60, 61, 63, 64, 65, 66, 67, 68]
341 [18, 20, 21, 22, 23, 25, 26, 27, 28, 29, 30, 31, 33, 34, 37, 38, 39, 40, 41, 42, 43, 44, 45, 46, 47, 48, 50, 51, 52, 53, 54, 55, 57, 61, 62, 63, 65, 66, 68]
342 [1, 2, 6, 8, 9, 10, 11, 13, 16, 17, 18, 19, 20, 22, 23, 24, 25, 26, 27, 28, 30, 32, 33, 34, 35, 37, 38, 39, 40, 42, 43, 44, 45, 46, 49, 51, 52, 55, 62]
343 [15, 30, 32, 34, 36, 37, 39, 40, 41, 42, 43, 44, 46, 49, 55]
344 [19, 25, 27, 28, 29, 30, 31, 32, 33, 34, 35, 36, 37, 38, 39, 40, 41, 42, 43, 44, 45, 47, 48, 50, 51, 53, 54, 55, 56, 57, 59, 60, 61, 63, 64, 65, 69, 70]
345 [11, 15, 16, 21, 34, 35, 41, 42, 47, 48, 51, 52, 54, 58, 59, 60, 62, 63, 64, 65]
346 [8, 10, 15, 18, 20, 24, 25, 26, 29, 34, 35, 36, 37, 39, 41, 42, 45, 46, 47, 49, 50, 53, 56]
347 [12, 19, 21, 24, 26, 27, 28, 31, 32, 33, 35, 36, 37, 39, 41, 46, 51, 59, 63]
348 [11, 12, 18, 23, 27, 28, 29, 30, 34, 36, 37, 38, 39, 52]
349 [6, 13, 17, 18, 19, 23, 26, 28, 31, 33, 39, 43, 48]
350 [18, 23, 30, 42, 55, 61, 64]
351 [9, 10, 12, 14, 15, 16, 17, 18, 19, 20, 21, 22, 24, 26, 27, 29, 30, 32, 40, 49]
352 [10, 18, 19, 21, 25, 27, 32, 37, 41, 42]
353 [20, 22, 23, 24, 26, 27, 28, 30, 31, 32, 33, 35, 36, 37, 38, 40, 42, 45, 46, 47, 48, 58]
354 [7, 8, 10, 11, 15, 16, 21, 22, 23, 24, 25, 27, 28, 29, 30, 32, 33, 35, 36, 37, 40, 42, 43, 44, 47, 51]
355 [22, 27, 32, 34, 38, 40, 43, 44, 45, 47, 48, 49, 50, 51, 52, 53, 59]
356 [3, 7, 10, 17, 23, 25, 29, 31, 32, 36, 37, 38, 39, 40, 41, 42, 43, 47, 48]
357 [1, 2, 7, 8, 9, 10, 14, 15, 16, 17, 19, 20, 21, 23, 24, 27, 28, 29, 30, 32, 33, 36, 38, 40, 43, 46]
358 [10, 14, 16, 17, 21, 22, 24, 25, 28, 29, 31, 33, 36, 37, 38, 39, 42, 46]
359 [7, 10, 16, 18, 20, 21, 22, 23, 24, 25, 27, 29, 30, 31, 33, 34, 35, 39, 40, 41, 43, 44, 45, 46, 48, 49, 51, 52, 53, 54, 55, 56, 60, 62, 63, 64, 68]
360 [4, 9, 13, 15, 16, 17, 19, 21, 22, 23, 24, 25, 26, 27, 29, 31, 32, 34, 35, 36, 37, 39, 41, 42, 43, 45, 47, 48, 49, 50, 51, 52, 53, 54, 55, 56, 57, 58, 59, 60, 61, 62]
361 [6, 9, 11, 13, 14, 16, 18, 19, 21, 22, 24, 25, 28, 29, 30, 34, 37, 38, 40, 49]
362 [4, 6, 13, 21, 22, 26, 29, 32, 33, 37, 39, 41, 42, 43, 45, 50, 52]
363 [17, 20, 24, 30, 33, 35, 36, 39, 40, 41, 42, 43, 47, 48, 49, 53, 54, 55, 56, 58]
364 [0, 6, 10, 11, 12, 14, 20, 21, 22, 23, 24, 25, 27, 28, 31, 34, 41, 47]
365 [12, 20, 24, 34, 45, 46]
366 [3, 7, 11, 14, 17, 28, 30, 34, 36, 38, 41, 48, 49, 50, 57]
367 [10, 12, 32, 38, 40, 43, 44, 52, 59, 62, 69]
368 [4, 5, 7, 8, 9, 10, 11, 12, 14, 15, 17, 18, 19, 20, 22, 23, 29, 30, 33, 34, 40, 41, 42, 43, 45, 46, 49, 50, 52, 53, 54]
369 [11, 12, 16, 18, 24, 29, 30, 31, 32, 33, 42, 43]
370 [7, 17, 20, 21, 23, 24, 25, 26, 27, 31, 33, 34, 35, 36, 37, 45]
371 [3, 7, 14, 17, 24, 25, 26, 28, 32, 33, 34, 35, 38, 43, 44, 49, 51, 54, 55, 56, 58, 61]
372 [7, 15, 21, 28, 29, 31, 35, 37, 38, 42, 44, 45, 46, 47]
373 [8, 10, 16, 19, 24, 25, 26, 27, 28, 29, 30, 31, 33, 34, 35, 36, 37, 38, 39, 41, 42, 44, 45, 46, 47, 48, 50, 51, 52, 54, 55, 56, 57, 58]
374 [7, 11, 12, 13, 14, 16, 18, 21, 22, 25, 26, 28, 30, 31, 32, 34, 37, 38, 41, 42, 43, 48, 49, 51]
375 [4, 8, 10, 11, 12, 13, 15, 17, 20, 21, 23, 25, 26, 27, 28, 31, 32, 33, 34, 35, 37, 38, 39, 40, 44, 45, 46, 47, 51, 52, 53, 54, 56]
376 [19, 21, 26]
377 [23, 25, 33, 36, 38]
378 [1, 3, 8, 9, 12, 13, 14, 18, 19, 21, 25, 26, 29, 30, 32, 33, 34, 36, 42, 43, 47, 49, 56]
379 [21, 25, 27, 38, 41, 46, 52, 54, 55, 57, 62]
380 [8, 11, 12, 18, 20, 22, 23, 27, 28, 30, 31, 33, 34, 35, 39, 41, 45]
381 [6, 7, 11, 20, 25, 27, 28, 30, 33, 35, 37, 39, 40, 41, 43, 44, 46, 47, 51, 56, 61]
382 [6, 9, 10, 12, 15, 17, 18, 19, 21, 22, 23, 24, 25, 26, 29, 32, 33, 35, 36, 37, 38, 40, 41, 44, 45, 46, 47, 48, 49, 51, 53, 54, 55, 57, 59, 60, 61, 62, 63, 65, 67, 68, 70, 71]
383 [12, 17, 18, 19, 21, 23, 27, 29, 33, 34, 35, 37, 38, 42, 43, 44, 45, 46, 47]
384 [16, 18, 20, 21, 22, 23, 24, 25, 27, 29, 30, 31, 32, 33, 34, 35, 36, 37, 38, 39, 40, 42, 43, 44, 45, 46, 47, 50, 52, 53, 54, 55]
385 [2, 6, 10, 12, 18, 25, 26, 30, 31, 33, 34, 37, 38, 43, 45, 46]
386 [20, 21, 22, 23, 25, 26, 28, 30, 31, 32, 33, 35, 37, 39, 40, 41, 43, 45, 50, 52, 55, 58]
?387 [0, 3, 7, 13, 18, 25, 26, 29, 32, 33, 34, 37, 38, 40, 41, 42, 43, 44, 45, 48, 49, 54, 55]
388 [7, 8, 9, 10, 11, 12, 13, 16, 19, 21, 22, 23, 24, 25, 26, 28, 30, 31, 32, 33, 34, 35, 36, 39, 40, 41, 43, 46, 47, 48, 50, 51]
?389 [17, 19, 20, 22, 25, 27, 28, 29, 30, 31, 34, 35, 36, 38, 41, 43, 46, 47, 48, 51, 52, 53, 54, 55, 60]
390 [13, 14, 17, 19, 22, 25, 29]
391 [10, 15, 22, 23, 25, 30, 32, 34, 35, 38, 39, 40, 41, 42, 47, 49, 51, 54, 56]
392 [17, 19, 21, 25, 27, 28, 29, 31, 33, 35, 37, 38, 39, 40, 41, 43, 44, 46, 48, 50, 51]
393 [0, 8, 10, 11, 21, 23, 24, 30, 32, 34, 35, 38, 39, 40, 43, 54, 56, 57, 60]
394 [12, 19, 21, 22, 25, 26, 28, 30, 38, 40, 41, 42, 43, 44, 47, 50, 51, 54, 56, 57, 59, 64, 65]
395 [8, 9, 12, 16, 17, 18, 20, 21, 23, 25, 27, 28, 30, 31, 33, 37, 39, 40, 41, 43, 44, 45, 47, 52]
396 [21, 22, 23, 24, 25, 26, 28, 30, 31, 35, 42, 44, 50, 54, 58]
397 [3, 10, 11, 12, 13, 16, 17, 18, 20, 21, 23, 24, 25, 26, 28, 29, 31, 32, 33, 35, 36, 37, 38, 40, 41, 43, 44, 46, 47, 49, 50, 51, 52, 55, 56, 57, 58]
398 [12, 14, 16, 20, 22, 24, 25, 26, 27, 28, 29, 30, 31, 32, 33, 34, 35, 38, 40, 42, 45, 48, 49, 50, 55, 59]
399 [9, 11, 14, 18, 19, 21, 22, 23, 25, 26, 28, 29, 31, 34, 35, 36, 39, 40, 41, 42, 43, 44, 46, 47, 51, 52, 54, 56, 58, 59, 60, 61, 62, 63, 64, 65, 66]
400 [2, 3, 5, 9, 11, 12, 13, 14, 15, 16, 18, 19, 20, 23, 24, 25, 28, 30, 31, 33]
401 [16, 17, 20, 21, 22, 26, 29, 30, 33, 35, 36, 38]
402 [21, 23, 25, 26, 27, 29, 33, 35, 38, 46]
403 [21, 29, 30, 32, 36, 39, 40, 43, 45, 48, 51, 59, 63]
404 [20, 21, 27, 31, 32, 38, 39]
405 [11, 13, 15, 16, 17, 18, 19, 22, 23, 24, 27, 28, 29, 30, 32, 33, 36, 37, 38, 41, 43, 53, 54, 55, 56]
406 [9, 10, 12, 14, 17, 18, 20, 26, 29, 30, 31, 32, 38, 39, 42, 44, 47, 51, 54]
407 [27, 28, 30, 32, 33, 34, 39]
408 [7, 10, 11, 14, 16, 19, 21, 22, 25, 28, 37, 38, 40, 44, 46, 47, 53]
409 [10, 15, 18, 19, 21, 23, 26, 27, 28, 29, 30, 34, 36, 38, 40, 41, 45, 46, 48, 49, 50, 53, 57]
410 [24, 25, 26, 28, 30, 36, 37, 41, 44, 45, 48, 49, 54, 55, 62, 63, 67]
411 [14, 15, 20, 21, 23, 27, 29, 30, 31, 34, 35, 39, 40, 41, 43, 45, 46, 47, 49, 52, 55, 56, 62]
412 [18, 27, 28, 30, 34, 35, 36, 37, 39, 44, 46, 47, 48, 52, 54]
413 [25, 28, 29, 30, 31, 32, 38, 39, 40, 41, 43, 45, 46, 48, 51, 53, 54, 55, 57, 61, 62, 63, 65, 68, 69]
414 [12, 13, 15, 16, 18, 19, 20, 21, 23, 24, 25, 27, 28, 29, 31, 32, 33, 34, 36, 38, 40, 41, 43, 44, 48]
415 [1, 7, 8, 9, 10, 12, 13, 15, 16, 17, 18, 19, 21, 22, 23, 24, 25, 29, 30, 31, 32, 34, 37, 41, 43, 46, 49]
416 [9, 11, 13, 15, 20, 21, 23, 25, 27, 28, 32, 33, 35, 39, 43, 44, 45, 47, 48, 50, 56, 68, 69]
417 [2, 9, 11, 13, 14, 15, 16, 17, 20, 22, 23, 25, 28, 29, 30, 31, 33, 35, 38, 39, 41, 42, 43, 45, 47, 48, 49, 51, 53, 55, 56, 57, 58, 59]
418 [6, 12, 13, 15, 18, 19, 22, 25, 27, 30, 31, 32, 33, 46, 48, 51, 54, 57, 64]
419 [0, 1, 4, 5, 7, 10, 11, 14, 20, 24, 25, 27, 32, 33, 36, 40, 43, 46, 48, 50, 55, 56, 58, 61]
420 [8, 14, 18, 22, 25, 28, 30, 31, 32, 33, 35, 38, 39, 40, 41, 44, 47, 48, 49, 51, 53, 59, 60, 68]
421 [18, 20, 21, 24, 25, 26, 27, 30, 32, 33, 34, 35, 37, 40, 41, 42, 45, 46, 52, 53]
422 [2, 3, 8, 9, 10, 11, 13, 14, 18, 20, 21, 23, 26, 28, 29, 30, 32, 35, 36, 39, 40, 42, 47, 52, 53, 54, 55, 56, 58, 63, 64, 66, 67, 68]
423 [25, 27, 28, 30, 32, 36, 41, 51, 55]
424 [6, 16, 19, 20, 22, 23, 25, 26, 28, 29, 31, 33, 38, 40, 41, 45, 47, 48, 51, 52, 60, 61, 65]
425 [8, 12, 13, 14, 15, 17, 18, 19, 21, 22, 24, 25, 26, 27, 28, 29, 30, 31, 32, 33, 34, 35, 36, 38, 39, 40, 41, 42, 43, 44, 45, 46, 47, 48, 51, 52, 53, 54]
426 [10, 11, 13, 15, 16, 17, 20, 21, 22, 23, 25, 27, 31, 32, 35, 37, 40, 45, 48]
427 [13, 15, 17, 18, 20, 21, 24, 25, 26, 28, 32, 34, 35, 37, 38, 40, 41, 44, 45, 49, 50, 59, 60, 62, 64]
428 [0, 6, 7, 10, 11, 12, 13, 16, 17, 19, 20, 23, 24, 25, 26, 27, 30, 32, 33, 34, 36, 38, 40, 41, 42, 43, 45, 48, 49, 50, 52, 54, 55, 57, 58, 59, 60, 61, 62]
429 [7, 8, 9, 10, 11, 12, 14, 15, 16, 18, 19, 20, 21, 22, 23, 24, 25, 26, 27, 28, 29, 31, 32, 33, 35, 37, 38, 39, 40, 41, 42, 43, 45, 46, 47, 48, 49]
430 [9, 10, 13, 14, 15, 17, 19, 20, 22, 23, 24, 25, 26, 27, 28, 29, 31, 33, 34, 38, 39, 40, 42, 47, 48, 49, 50, 54, 55, 56, 57, 61, 62, 64, 65, 68, 69, 70, 71]
431 [16, 17, 18, 19, 20, 22, 23, 24, 25, 26, 27, 30, 31, 32, 33, 34, 37, 38, 40, 41, 43, 44, 45, 46, 47, 48, 50, 52, 54, 61]
432 [12, 13, 15, 17, 18, 20, 23, 24, 26, 30, 31, 37, 40, 43]
433 [16, 17, 23, 24, 26, 31, 32, 33, 37, 38, 42, 44, 45, 46, 54]
434 [8, 10, 11, 13, 14, 15, 16, 17, 18, 20, 21, 22, 23, 24, 25, 26, 27, 28, 29, 30, 31, 32, 33, 34, 36, 37, 38, 39, 40, 41, 43, 44, 45, 46, 48, 49, 51, 52, 53, 54, 55, 56, 58, 59, 60, 61, 62, 65, 66]
435 [22, 23, 24, 25, 30, 31, 32, 33, 35, 37, 40, 41, 43, 45, 47, 50, 51, 52, 53, 55, 56, 57, 60, 67]
436 [21, 24, 26, 27, 28, 31, 32, 34, 37, 38, 39, 40, 41, 42, 45, 46, 48, 51, 52, 53, 55, 60, 62, 63]
437 [12, 18, 21, 25, 29, 30, 31, 35, 36, 37, 38, 39, 41, 43, 45, 47, 48, 51]
438 [6, 10, 12, 15, 19, 24, 26, 28, 32, 35, 47, 48, 51, 55, 56]
439 [6, 9, 10, 11, 12, 14, 15, 16, 18, 19, 23, 24, 25, 26, 27, 28, 33, 35, 39, 40, 42, 45, 46, 48, 50, 54]
440 [17, 18, 19, 21, 23, 25, 28, 32, 33, 34, 36, 37, 43, 44, 48, 50, 58]
441 [0, 2, 4, 5, 6, 7, 8, 9, 11, 12, 13, 14, 15, 16, 17, 18, 20, 22, 23, 24, 25, 26, 28, 33, 34, 35, 36, 39, 40, 42, 43, 44, 49, 50, 53, 54, 61, 62]
442 [18, 20, 23, 27, 29, 31, 32, 33, 34, 37, 38, 39, 49, 51, 52]
443 [6, 7, 18, 19, 20, 22, 23, 25, 27, 28, 29, 30, 32, 35, 36, 37, 38, 39, 41, 43, 44, 46, 47, 51, 52, 54, 55, 58, 60, 62]
444 [8, 9, 11, 15, 16, 18, 19, 23, 24, 25, 29, 32, 37, 38, 41, 45, 46, 49, 51, 53, 54, 62]
445 [5, 8, 12, 14, 17, 18, 20, 21, 25, 26, 27, 28, 30, 32, 33, 34, 35, 37, 38, 39, 41, 43, 46, 52, 65, 66, 67]
446 [14, 15, 18, 21, 22, 26, 28, 29, 30, 33, 34, 42, 43, 47, 49, 51, 54]
447 [32, 35, 37, 41, 43, 44, 45, 46, 47, 48, 55]
448 [8, 9, 10, 11, 14, 15, 16, 17, 21, 22, 23, 24, 27, 28, 29, 33, 35, 40, 41, 46, 49, 51, 59, 61, 63, 64, 66]
449 [6, 7, 8, 10, 11, 12, 14, 16, 17, 18, 19, 20, 22, 24, 25, 26, 27, 28, 30, 31, 32, 34, 35, 36, 38, 41, 42, 43, 46, 48, 50, 52, 53, 55, 61, 62, 63]
450 [5, 7, 8, 9, 10, 11, 13, 14, 16, 17, 19, 21, 22, 23, 24, 26, 27, 28, 29, 30, 31, 33, 35, 37, 39, 41, 43, 45, 46, 47, 48, 49, 53, 54, 55, 57, 58, 60, 61, 62, 64]
451 [3, 5, 6, 7, 8, 10, 11, 12, 13, 14, 15, 16, 17, 18, 20, 21, 22, 24, 25, 26, 27, 29, 30, 31, 32, 33, 34, 35, 36, 37, 38, 39, 40, 41, 44, 45, 47, 51, 53, 54]
452 [21, 22, 24, 27, 29, 32, 33, 34, 36, 39, 40, 41, 44, 47, 48, 49, 51, 56, 57, 63]
453 [0, 1, 2, 3, 4, 5, 6, 7, 8, 9, 10, 11, 12, 13, 14, 15, 16, 17, 18, 19, 20, 21, 22, 23, 24, 25, 26, 27, 28, 29, 30, 31, 33, 34, 35, 36, 37, 39, 41, 43, 44, 45, 50, 51, 52, 54, 57, 60, 62]
454 [4, 12, 13, 14, 15, 18, 19, 21, 26, 29, 31, 34, 38, 41, 45, 47, 49, 52]
455 [25, 26, 30, 32, 34, 35, 36, 39, 40, 42, 44]
456 [18, 22, 23, 24, 25, 26, 27, 28, 29, 31, 32, 33, 34, 36, 38, 39, 40, 45]
457 [17, 18, 19, 20, 23, 24, 26, 28, 29, 30, 31, 37, 39, 41, 42, 43, 44, 46, 47, 48, 55, 56, 58, 60, 61]
458 [27, 29, 32, 34, 35, 37, 38, 43, 44, 46, 50, 55, 56]
459 [0, 5, 6, 8, 10, 11, 12, 14, 15, 16, 17, 18, 19, 21, 22, 23, 24, 25, 26, 28, 29, 30, 31, 32, 33, 34, 35, 36, 37, 38, 39, 40, 41, 42, 47, 49]
460 [12, 13, 14, 16, 17, 18, 21, 23, 24, 27, 29, 31, 32, 34, 35, 39, 40, 46, 51, 52, 53, 57, 60]
461 [2, 3, 6, 7, 8, 9, 10, 11, 12, 13, 14, 15, 16, 17, 18, 19, 20, 21, 22, 23, 24, 25, 26, 27, 28, 29, 30, 31, 32, 33, 35, 36, 37, 39, 40, 42, 43, 44, 49, 54, 55, 57]
462 [10, 11, 13, 14, 15, 17, 18, 19, 20, 21, 22, 23, 24, 25, 26, 27, 28, 29, 30, 31, 33, 34, 37, 38, 42, 45, 46, 48, 52, 53]
463 [24, 30, 33, 38, 46, 47, 55]
464 [7, 9, 13, 14, 16, 17, 18, 19, 20, 24, 25, 26, 31, 32, 34, 36, 37, 41, 45]
465 [2, 7, 8, 9, 11, 12, 13, 14, 16, 17, 18, 19, 20, 21, 24, 25, 26, 27, 28, 29, 30, 32, 34, 35, 37, 38, 39, 44, 45, 48]
466 [9, 12, 14, 16, 18, 19, 20, 25, 28, 37, 42, 47, 52]
467 [1, 3, 5, 6, 8, 10, 11, 13, 16, 17, 19, 21, 22, 23, 25, 27, 29, 31, 32, 34, 35, 36, 37, 40, 41, 44, 46, 47, 48, 51, 54, 55, 56, 57, 58]
468 [19, 34, 40, 47]
469 [15, 16, 21, 23, 25, 27, 32, 33, 38, 39, 42, 45, 48, 54]
470 [11, 12, 18, 22, 23, 27, 29, 32, 34, 35, 36, 37, 38, 40, 46, 49, 52, 53, 55, 59, 61]
471 [5, 7, 10, 11, 14, 15, 16, 17, 18, 19, 20, 23, 24, 25, 27, 29, 30, 31, 34, 36, 37, 38, 42, 43, 44, 45, 47, 48, 52, 54, 55, 57, 58, 63]
472 [1, 10, 11, 12, 13, 14, 17, 19, 20, 22, 23, 26, 27, 29, 30, 35, 36, 38, 39, 40, 44, 45, 52, 54, 56, 61, 62]
473 [13, 17, 18, 19, 20, 23, 25, 27, 29, 33, 35, 36, 38, 43, 44, 46, 47, 48, 51, 54, 56, 65]
474 [7, 8, 9, 10, 15, 16, 17, 18, 19, 20, 23, 26, 27, 29, 30, 31, 32, 33, 34, 35, 36, 38, 39, 45, 46, 48, 50, 56]
475 [21, 24, 28, 31, 32, 34, 35, 36, 37, 38, 39, 41, 43, 44, 45, 47, 48, 49, 53, 54, 56]
476 [10, 11, 12, 14, 15, 17, 18, 19, 20, 21, 24, 25, 27, 29, 30, 31, 32, 35, 36, 37, 39, 40, 43, 45, 46, 49, 50, 52, 54]
477 [14, 15, 16, 21, 22, 24, 27, 28, 29, 30, 32, 35, 37, 41, 43]
478 [2, 6, 7, 9, 10, 12, 13, 14, 15, 16, 17, 18, 19, 21, 23, 24, 25, 26, 27, 29, 33, 35, 36, 39, 45]
479 [5, 6, 7, 9, 10, 11, 14, 15, 19, 20, 23, 29, 30, 32, 35, 40, 43, 47, 55, 56, 59, 61, 65]
480 [17, 20, 21, 22, 23, 25, 26, 28, 30, 31, 33, 35, 37, 39, 42, 45, 46, 47, 50, 56, 59]
481 [22, 23, 25, 27, 29, 32, 34, 35, 43]
482 [13, 16, 20, 21, 22, 24, 27, 31, 32, 34, 35, 36, 39, 41, 45, 47, 48, 50, 51, 52, 57, 60, 63, 65]
483 [10, 11, 12, 14, 15, 16, 17, 19, 20, 21, 22, 23, 24, 25, 26, 27, 29, 30, 32, 33, 34, 35, 36, 37, 39, 40, 43, 47]
484 [5, 8, 11, 12, 13, 15, 17, 18, 22, 23, 29, 34, 35, 38, 42, 43, 45, 47, 50, 54, 60]
485 [17, 21, 23, 24, 25, 26, 27, 28, 29, 30, 33, 34, 35, 36, 37, 38, 39, 40, 41, 42, 43, 45, 46, 47, 50, 52, 53, 54, 55, 57]
486 [0, 1, 2, 3, 4, 8, 11, 13, 14, 16, 17, 19, 22, 24, 25, 26, 28, 29, 31, 32, 34, 35, 36, 37, 38, 40, 41, 42, 43, 44, 48, 50, 52, 54, 55, 56, 59, 60]
487 [10, 12, 13, 15, 16, 17, 18, 19, 20, 21, 24, 26, 27, 28, 30, 32, 34, 39, 41, 43, 44, 46, 47, 51, 52, 53, 56, 61, 63, 64]
488 [32, 34, 35, 36, 40, 45, 46, 47, 48, 49, 50, 52]
489 [60, 61, 62, 64]
490 [8, 18, 21, 24, 25, 27, 28, 30, 33, 37, 38, 39, 41, 42, 49, 54, 55, 56]
491 [0, 2, 7, 8, 10, 11, 13, 14, 16, 17, 18, 22, 24, 27, 28, 29, 31, 39, 42, 47, 49, 50, 55, 58, 62, 63]
492 [17, 20, 21, 23, 25, 26, 27, 31, 32, 34, 35, 36, 37, 38, 39, 41, 42, 43, 44, 45, 48, 49]
493 [10, 11, 12, 13, 17, 18, 20, 26, 28, 33, 34, 36, 40, 47, 48, 58]
494 [4, 5, 6, 7, 8, 11, 12, 13, 14, 15, 17, 18, 19, 20, 21, 22, 23, 25, 26, 27, 28, 30, 31, 32, 34, 36, 38, 41, 42, 44, 45, 48, 49, 58, 60]
495 [11, 12, 13, 14, 15, 17, 18, 20, 21, 23, 24, 25, 28, 29, 30, 32, 33, 34, 35, 39, 40, 42, 43, 53, 54]
496 [10, 17, 18, 19, 20, 24, 26, 29, 30, 33, 34, 39, 40, 42, 45, 47, 48, 50]
497 [8, 9, 10, 11, 13, 14, 16, 17, 18, 19, 22, 23, 27, 28, 33, 37, 39]
498 [11, 13, 14, 16, 19, 20, 21, 23, 24, 25, 27, 28, 30, 31, 32, 34, 35, 36, 37, 39, 42, 44, 46, 49, 51, 54, 55, 57]
499 [8, 9, 10, 12, 13, 14, 16, 17, 18, 19, 20, 22, 23, 24, 25, 26, 29, 30, 31, 32, 33, 35, 36, 38, 39, 40, 41, 43, 46, 48, 50, 51, 52]
500 [0, 8, 10, 13, 14, 15, 17, 18, 19, 21, 22, 23, 24, 26, 30, 31, 32, 37, 40, 41, 42, 45, 57, 61, 69]
501 [8, 10, 11, 15, 16, 20, 21, 22, 23, 24, 25, 27, 29, 30, 31, 32, 36, 38, 39, 40, 44, 46, 47, 48, 54, 55, 57]
502 [5, 6, 11, 13, 16, 18, 21, 23, 31, 35, 40, 41, 44, 45, 54, 55, 57, 58, 61]
503 [22, 23, 27, 28, 30, 31, 32, 33, 34, 35, 36, 37, 38, 40, 41, 45, 46, 47]
504 [22, 23, 25, 26, 27, 28, 30, 34, 37, 39]
505 [10, 12, 13, 14, 15, 17, 19, 23, 25, 28, 29, 30, 31, 33, 34, 36, 41]
506 [29, 38]
507 [5, 7, 10, 11, 12, 14, 16, 18, 20, 21, 22, 23, 25, 27, 28, 29, 30, 33, 34, 36, 37, 41, 42, 43, 44, 46, 47, 51, 52, 54, 56, 57, 58, 60, 63, 64, 65, 68, 69, 70, 71]
508 [29, 31, 32, 33, 34, 35, 38, 39, 40]
509 [15, 16, 21, 25, 27, 30, 37, 38, 40, 42, 43, 50, 51, 52]
510 [0, 8, 10, 14, 16, 17, 18, 19, 21, 22, 23, 25, 26, 27, 29, 30, 31, 33, 35, 37, 40, 42, 43, 44, 45, 47, 53, 54]
511 [26, 32, 33]
512 [21, 25, 29, 35, 38, 39, 51]
513 [33, 35]
514 [27, 28, 29, 31, 32, 33, 34, 35, 36, 37, 38, 40, 44, 46]
515 [10, 11, 19, 22, 23, 27, 28, 29, 31, 33, 35, 36, 37, 38, 39, 41, 42, 44, 45, 46, 64]
516 [45, 46, 47, 49, 52, 55, 56]
517 [38, 42, 43, 44, 49, 50, 53, 56]
518 [19, 20, 22, 24, 27, 31, 34, 41, 42, 47, 49, 50, 52, 53, 55, 56, 59, 60, 62, 64]
519 [38, 45, 48, 50, 51]
520 [26, 27, 29, 30, 36, 38, 39, 43, 44, 47, 48, 52, 57, 62, 65, 66]
521 [23, 28, 30, 35, 39]
522 [20, 25, 28, 29, 31, 32, 38, 39, 41, 42]
523 [10, 17, 18, 20, 22, 24, 25, 28, 29, 30, 35, 37, 39, 42, 45, 52]
524 [20, 25, 26, 28, 29, 30, 32, 34, 36, 37, 42, 45, 46, 47, 49, 51, 53]
525 [26, 28, 31, 32, 34, 35, 37, 38, 47, 54, 56, 59, 61, 64, 68]
526 [5, 6, 7, 8, 9, 12, 15, 16, 17, 19, 20, 21, 22, 23, 24, 25, 26, 27, 29, 30, 31, 32, 34, 35, 36, 37, 38, 40, 41, 42, 43, 44, 46, 48, 49, 50, 52, 53, 54]
527 [14, 26, 27, 29, 31, 32, 33, 35, 37, 39, 40, 41, 43, 46]
528 [6, 9, 10, 11, 13, 15, 16, 17, 18, 19, 20, 21, 22, 23, 24, 25, 26, 27, 28, 29, 30, 31, 32, 34, 36, 37, 38, 39, 40, 41, 42, 43, 44, 45, 46, 49, 55, 56]
529 [7, 8, 10, 18, 19, 20, 22, 24, 25, 28, 29, 30, 33, 36, 39, 40, 41, 44, 47, 50, 51, 53, 57, 61, 63, 64, 67, 69, 71, 72]
530 [29, 33, 34, 35, 37, 40, 45, 48, 49, 52, 57, 61]
531 [43, 45, 47, 49, 50, 51, 54, 55, 56, 60, 61]
532 [23, 24, 29, 33, 34, 35, 39, 41, 42, 48, 53]
533 [16, 17, 18, 21, 22, 24, 30, 32, 33, 34, 35, 37, 38, 39, 41, 44, 45, 46, 48, 50, 51, 52, 53, 57, 59, 62]
534 [1, 2, 4, 5, 6, 7, 8, 9, 10, 11, 12, 13, 14, 15, 16, 17, 18, 19, 20, 21, 22, 23, 24, 25, 26, 27, 28, 29, 30, 31, 32, 33, 34, 35, 36, 37, 38, 39, 40, 41, 42, 43, 44, 45, 46, 47, 48, 49, 50, 51, 52, 53, 54, 55, 56, 57, 58, 59, 60, 61]
535 [5, 6, 8, 11, 12, 13, 16, 19, 23, 24, 26, 27, 28, 29, 30, 33, 35, 36, 37, 38, 40, 42, 43, 44, 46, 48, 49, 50, 54, 55, 56, 59, 60, 61, 62, 65, 68, 69, 70, 74, 75]
536 [5, 10, 12, 13, 15, 16, 18, 19, 21, 22, 23, 25, 26, 27, 28, 29, 30, 31, 32, 33, 35, 36, 37, 38, 39, 44]
537 [6, 16, 18, 21, 23, 25, 26, 29, 32, 34, 35, 38, 43, 45]
538 [0, 1, 2, 3, 4, 5, 6, 7, 8, 9, 10, 11, 12, 13, 14, 15, 16, 17, 18, 19, 20, 21, 22, 23, 24, 25, 26, 27, 28, 29, 30, 31, 32, 33, 34, 35, 36, 37, 38, 39, 40, 41, 42, 43, 44, 45, 46, 47, 48, 49, 50, 51, 52, 53, 54, 55, 56, 57, 58, 59, 60, 61, 62, 63, 64, 65, 66, 67, 68, 69, 70, 71, 72, 73, 74, 75, 76, 77, 78, 79, 80, 81, 82, 83, 84, 85, 86, 87, 88, 89, 90, 91, 92]
539 [19, 21, 22, 25, 27, 30, 31, 33, 34, 42, 43, 44, 50]
540 [34, 37, 38, 42, 43, 44, 45, 46, 47, 48, 50, 51, 52, 53, 54, 55, 56, 57, 58]
541 [11, 14, 19, 21, 23, 24, 25, 26, 30, 31, 35, 44]
542 [3, 12, 16, 17, 22, 26, 30, 33, 34, 38, 39, 40, 42, 46, 47, 48, 50, 51, 52, 53, 54]
543 [14, 16, 19, 22, 23, 25, 29, 30, 31, 32, 33, 34, 36, 38, 40, 43, 45, 46]
544 [25, 26, 31, 33, 34, 38, 41]
545 [0, 1, 2, 3, 4, 5, 6, 7, 8, 9, 10, 11, 12, 13, 14, 15, 16, 17, 18, 19, 20, 21, 22, 23, 24, 25, 26, 27, 28, 29, 30, 31, 32, 33, 34, 35, 36, 38, 42, 44, 45, 48, 50, 54, 59, 60]
546 [24, 25, 26, 28, 29, 32, 33, 34, 35, 37, 38, 39, 41, 42, 43, 44, 51, 53]
547 [4, 10, 12, 14, 15, 16, 17, 19, 21, 22, 23, 26, 27, 28, 29, 32, 35, 37, 38, 41, 48, 50, 60]
548 [23, 25, 31, 32, 33, 35, 36, 38, 39, 41, 42, 43, 44, 47, 51, 52, 53, 55, 58, 59, 60, 63, 66]
549 [0, 1, 2, 3, 4, 5, 6, 7, 8, 9, 10, 11, 12, 13, 14, 15, 16, 17, 18, 19, 20, 21, 22, 23, 24, 25, 26, 27, 28, 29, 30, 31, 32, 33, 34, 35, 36, 37, 38, 39, 40, 41, 42, 43, 44, 45, 46, 47, 48, 49, 50, 51, 52, 53, 54, 55, 56, 57, 58, 59, 60, 61, 62, 63, 64, 65]
550 [16, 17, 18, 19, 20, 22, 23, 26, 28, 29, 30, 31, 32, 33, 34, 35, 38, 39, 40, 41, 46, 47, 52, 54, 56, 57, 58, 61]
551 [30, 35, 36, 39]
552 [5, 7, 8, 9, 10, 12, 14, 16, 17, 19, 20, 21, 22, 25, 26, 27, 29, 30, 32, 33, 34, 35, 36, 37, 38, 39, 40, 41, 43, 44, 45, 48, 49, 50, 51, 53, 57, 59, 60, 65, 67, 68]
553 [0, 1, 3, 4, 7, 10, 13, 15, 16, 17, 19, 21, 26, 28, 30, 31, 32, 34, 37, 38, 39, 40, 41, 42, 43, 44, 45, 46, 48, 49, 54, 56, 59, 62, 66]
554 [3, 4, 7, 9, 10, 11, 12, 13, 14, 15, 17, 18, 19, 21, 22, 23, 25, 26, 28, 32, 33, 34, 35, 36, 38, 39, 41, 42, 43, 45, 46, 48, 50, 53, 54, 55, 56, 58]
555 [25, 31, 32, 35, 36, 40, 43, 46]
556 [19, 22, 23, 25, 27, 28, 29, 30]
557 [24, 36, 45, 66]
558 [12, 13, 18, 19, 20, 22]
559 [18, 20, 23, 24, 28, 29, 30, 32, 34, 36, 37, 38, 42, 43, 44, 45, 46, 48, 49, 53, 55, 57, 58, 59]
560 [0, 8, 11, 12, 13, 14, 15, 16, 17, 18, 19, 20, 22, 23, 26, 27, 28, 31, 32, 33, 36, 37, 38, 40, 43, 44, 47, 48, 49]
561 [12, 15, 16, 17, 19, 20, 23, 24, 25, 27, 31, 32, 37, 39, 42, 43, 47, 50, 51, 52, 54, 56, 59]
562 [33, 34, 38, 40, 42, 43, 45, 46, 48, 50, 52, 53, 54, 55, 56, 58, 60, 61, 62, 63, 64, 66]
563 [7, 8, 10, 11, 12, 13, 16, 17, 18, 19, 20, 21, 23, 24, 25, 26, 27, 28, 29, 31, 32, 33, 34, 36, 37, 38, 39, 40, 41, 42, 44, 45, 46, 47, 48, 49, 50, 51, 53, 54, 55, 57, 59, 61, 62]
564 [24, 26, 27, 29, 30, 32, 33, 34, 36, 37, 38, 39, 40, 41, 42, 43, 44, 45, 46, 47, 48, 49, 50, 51, 52, 53, 54, 55, 56, 57, 58, 59, 60, 61, 62, 63, 65, 66, 67, 68, 69, 70, 71, 73, 75, 76, 77, 78, 80, 81, 82, 83]
565 [36, 39, 42, 43, 44, 46, 47, 50, 51, 52, 53, 54, 55, 56, 58, 60, 61, 62, 63, 64, 65, 66, 67, 70]
566 [2, 4, 10, 12, 13, 14, 17, 18, 19, 21, 23, 27, 29, 31, 32, 36, 43, 48, 52, 53, 54, 59, 60, 63, 72, 75]
567 [10, 12, 13, 16, 17, 18, 19, 20, 21, 22, 23, 24, 25, 26, 27, 28, 29, 30, 31, 32, 33, 34, 35, 36, 37, 38, 39, 40, 41, 42, 43, 44, 45, 46]
568 [11, 16, 17, 19, 23, 24, 25, 26, 27, 28, 30, 31, 32, 33, 35, 36, 37, 38, 39, 40, 41, 42, 43, 44, 46, 47, 48, 49, 50, 51, 52, 53, 54, 55, 56, 58, 59, 62, 64, 65, 66]
569 [4, 7, 8, 11, 12, 17, 19, 23, 26, 27, 28, 30, 31, 32, 33, 34, 35, 37, 38, 39, 40, 41, 42, 43, 44, 46, 47, 48, 49, 51, 52, 53, 54, 55, 57, 58, 59, 60, 61, 64, 67, 68, 69, 70]
570 [20, 27, 29, 30, 34, 36, 38, 43, 49]
571 [19, 25, 31, 34, 35, 45]
572 [20, 21, 28, 29, 30, 32, 33, 34, 35, 36, 37, 38, 40, 42, 43, 44, 46, 47, 48, 71]
573 [16, 19, 20, 22, 24, 29, 30, 31, 33, 34, 35, 37, 38, 39, 41, 42, 43, 47, 49, 50, 51, 52, 53, 56]
574 [7, 16, 17, 22, 23, 25, 27, 28, 32, 33, 35, 38, 41, 43, 44, 46, 48, 50, 60]
575 [12, 16, 17, 20, 22, 23, 27, 30, 33, 34, 38, 40, 41, 42, 44, 45, 47, 48, 50, 51, 52, 53, 55, 58, 60, 62, 63]
576 [11, 13, 14, 15, 16, 17, 18, 22, 23, 24, 25, 29, 30, 31, 32, 36, 37, 43, 44, 45, 49, 58]
577 [18, 20, 24, 25, 26, 30, 34, 35, 36, 37, 39, 40, 42, 44, 45, 60]
578 [8, 10, 25, 26, 28, 29, 32, 35, 37, 38, 41, 42, 44, 45, 47, 48, 50, 54]
579 [22, 27, 32, 33, 35, 37]
580 [26, 31, 32, 33, 34, 37, 40, 41, 42, 43, 45, 47, 48, 49, 50, 52, 54, 55, 56, 57, 58, 59, 60, 63]
581 [11, 22, 26, 28, 31, 32, 34, 41, 42]
582 [6, 9, 16, 26, 36]
583 [11, 18, 26, 28, 36, 39, 40]
584 [22, 25, 29, 34, 36, 44, 49, 51, 53]
585 [14, 22, 27, 28, 34, 38]
586 [13, 20, 21, 23, 29, 31, 35, 36, 41, 45, 47, 49, 53, 54, 55]
587 [17, 18, 19, 20, 21, 22, 23, 24, 25, 26, 27, 28, 29, 30, 31, 32, 33, 34, 35, 36, 37, 38, 39, 40, 41, 42, 43, 44, 45, 46, 47, 48, 49, 50, 52, 54, 55, 57]
588 [27, 28, 29, 31, 34, 35, 36, 38, 41, 42, 43, 44, 45, 46, 48, 50, 60]
589 [22, 24, 25, 26, 27, 28, 29, 33, 36, 37, 38, 39]
590 [5, 10, 18, 21, 26, 28, 31, 33, 36, 38, 40, 41, 43, 44, 45, 47, 48, 49, 51, 52, 54, 55, 56, 58, 59]
591 [28, 30, 33, 34, 37, 38]
592 [6, 8, 11, 12, 14, 15, 16, 18, 19, 20, 22, 23, 24, 26, 28, 29, 30, 33, 38, 40, 41]
593 [32, 33, 34, 36, 37, 39, 41, 43, 44, 47, 48, 50, 51, 53, 54, 55, 61, 62, 64]
594 [3, 14, 23, 26, 29, 31, 33, 34, 36, 37, 40, 42, 44, 45, 55, 59]
595 [9, 13, 14, 15, 17, 18, 19, 21, 22, 23, 24, 26, 28, 29, 30, 31, 32, 37, 39, 41]
596 [31, 39, 42, 43, 44, 45, 46, 47, 48, 50, 51, 52, 53, 54, 55, 56, 57, 58, 60, 61, 63, 64, 65, 66, 67, 68, 69]
597 [12, 17, 19, 22, 23, 25, 26, 28, 33]
598 [9, 12, 19, 22, 31]
599 [22, 23, 28, 30, 31, 33, 34, 36, 39, 40]
600 [16, 18, 19, 21, 25, 26, 27, 29, 30, 34, 36, 37, 38, 39, 42, 44, 45, 46, 47, 51, 52, 55, 56, 57, 60]
601 [8, 11, 14, 15, 20, 22, 25, 26, 27, 31, 32, 33, 35, 36]
602 [12, 14, 15, 17, 20, 21, 22, 23, 24, 25, 27, 28, 29, 30, 31, 36, 37, 38, 39, 42, 43, 45, 46, 50]
603 [16, 18, 23, 24, 25, 31, 34, 35, 36, 37, 40, 41, 42, 43, 44, 49, 52, 63, 64]
604 [8, 18, 19, 21, 22, 23, 24, 25, 28, 30, 33]
605 [12, 17, 20, 23, 25, 26, 32, 33, 34, 35, 36, 37, 41, 46, 48, 57, 60]
606 [5, 11, 12, 15, 16, 17, 18, 21, 22, 28, 32, 34, 36, 38, 42]
607 [15, 23, 26, 29, 30, 32, 33, 37, 38, 43]
608 [9, 12, 14, 15, 17, 18, 19, 23, 24, 25, 27, 29, 32, 33, 37, 40, 43, 44, 46, 47, 51, 54, 56]
609 [16, 17, 20, 21, 22, 23, 24, 28, 29, 30, 31, 32, 33, 34, 35, 39, 40, 42, 43, 44, 45, 47, 48, 51, 54]
610 [11, 20, 21, 23, 25, 31, 35, 39, 49, 52]
611 [1, 7, 8, 10, 12, 13, 14, 16, 17, 21, 22, 23, 24, 25, 27, 28, 29, 30, 31, 32, 34, 36, 38, 39, 43, 44, 48, 49, 50, 52, 53, 54, 55, 59, 60, 61, 65, 66, 67, 68, 70]
612 [8, 15, 21, 28, 30, 31, 35, 37, 38, 39, 42, 44, 46, 47, 50, 51, 53, 54, 56, 57, 59, 60, 61, 62, 63, 65, 66, 67, 68, 69, 70, 71, 72, 73, 75, 76, 77]
613 [1, 6, 7, 8, 10, 13, 14, 15, 16, 17, 18, 19, 20, 21, 22, 23, 24, 26, 27, 28, 30, 32, 33, 35, 36, 41, 43, 44, 53, 61]
614 [13, 14, 24, 25, 34, 35, 38, 47, 48, 58]
615 [13, 16, 21, 22, 23, 25, 26, 27, 28, 31, 32, 34, 36, 37, 38, 39, 40, 43, 44, 48, 49, 51, 53, 54]
616 [14, 18, 23, 24, 29, 31, 32, 34, 35, 36, 37, 38, 40, 48, 51, 54, 55, 66, 67]
617 [15, 16, 21, 24, 26, 30, 31, 33, 37, 38, 41, 44, 50, 53]
618 [20, 25, 26, 27, 28, 29, 31, 32, 33, 34, 36, 37, 41, 45, 49, 50]
619 [17, 23, 24, 25, 26, 28, 30, 32, 33, 34, 37, 41, 42, 43, 50, 52, 55, 56, 61, 62, 63, 64, 73]
620 [6, 12, 13, 14, 15, 17, 21, 22, 24, 25, 26, 31, 32, 33, 34, 36, 40, 41, 46, 51, 52, 56, 57]
621 [35, 38, 39]
622 [13, 17, 19, 21, 23, 25, 27, 28, 29, 31, 37, 40, 50, 55, 58]
623 [6, 7, 12, 13, 18, 20, 21, 23, 25, 27, 28, 30, 35, 37, 40, 51]
624 [3, 8, 18, 20, 25, 29, 33, 34, 37, 39, 41, 43, 45, 51, 53]
625 [27, 28, 29, 30, 35, 36, 38, 44, 46, 47, 48, 52]
626 [14, 15, 16, 18, 19, 21, 26, 27, 31, 40, 51, 53, 55]
627 [13, 14, 15, 18, 19, 20, 21, 23, 24, 25, 27, 28, 30, 34, 36, 37, 44, 48, 53, 54]
628 [2, 12, 14, 15, 17, 18, 19, 20, 21, 23, 24, 25, 27, 28, 29, 30, 31, 33, 34, 36, 37, 38, 39, 40, 41, 43, 44, 45, 48, 49, 51, 53, 54, 59, 60, 62, 63]
629 [4, 6, 12, 16, 17, 19, 21, 23, 27, 28, 29, 34, 36, 45, 47, 55]
630 [11, 15, 16, 19, 20, 22, 24, 25, 26, 27, 28, 31, 32, 36, 39, 40, 42, 48]
631 [12, 19, 20, 21, 24, 26, 28, 29, 31, 32, 33, 34, 36, 38, 39, 40, 41, 42, 43, 44, 45, 46, 47, 48, 49, 50, 51, 55, 57, 58, 62, 69, 70, 71]
632 [2, 8, 17, 18, 20, 25, 27, 30, 32, 35, 36, 38, 40, 41, 45, 46, 51, 52, 54, 55, 58, 60, 68, 69]
633 [2, 3, 4, 6, 8, 14, 15, 17, 18, 19, 20, 21, 22, 25, 29, 34, 37, 39, 45, 49, 57, 58]
634 [11, 16, 20, 21, 23, 24, 26, 27, 28, 29, 32, 35, 36, 38, 46, 49, 50, 57, 59]
635 [30, 31, 35, 36, 37]
636 [8, 15, 18, 20, 21, 23, 25, 26, 27, 29, 31, 33, 34, 35, 36, 42, 44, 53, 54, 62, 63, 68]
637 [9, 10, 18, 23, 24, 25, 26, 30, 31, 33, 34, 35, 38, 41, 42, 43, 44, 49, 51, 52, 58, 63]
638 [12, 13, 18, 19, 20, 22, 23, 24, 41, 43]
639 [14, 16, 20, 21, 22, 23, 25, 26, 27, 28, 30, 31, 32, 33, 34, 36, 37, 38, 39, 42, 44, 45, 46, 49, 50, 51, 52, 54, 55, 56, 57, 58, 59, 61, 62, 64, 66]
640 [14, 18, 19, 22, 23, 25, 26, 27, 28, 29, 31, 32, 34, 35, 37, 40, 41, 42, 45, 47, 48, 52, 54, 55, 57, 58, 59, 63]
641 [11, 12, 15, 16, 17, 19, 22, 23, 26, 28, 31, 32, 35, 39]
642 [18, 19, 24, 25, 26, 31, 32, 33, 34, 36, 39, 40, 47, 48, 61]
643 [4, 5, 7, 10, 11, 12, 14, 15, 16, 18, 19, 20, 21, 22, 25, 27, 28, 29, 30, 31, 32, 34, 35, 38, 41, 42, 43, 44, 53, 55, 58, 60, 63, 64, 66, 67, 69]
644 [0, 2, 5, 6, 7, 8, 9, 10, 11, 12, 13, 14, 15, 16, 17, 20, 21, 22, 23, 24, 26, 27, 28, 29, 30, 32, 33, 34, 35, 36, 37, 39, 40, 41, 42, 43, 44, 45, 46, 47, 48, 51, 53, 54, 55, 56, 57]
645 [12, 13, 17, 20, 22, 23, 24, 25, 27, 28, 29, 30, 31, 32, 33, 34, 35, 37, 38, 39, 40, 41, 43, 44, 45, 46, 51, 52, 53, 54, 56]
646 [12, 15, 19, 22, 24, 27, 28, 31, 32, 33, 36, 43, 48, 50, 52, 53, 55, 61, 64, 66]
647 [11, 12, 13, 17, 18, 19, 20, 22, 23, 24, 25, 26, 29, 30, 31, 32, 33, 34, 36, 37, 38, 42, 44]
648 [5, 7, 12, 13, 14, 15, 17, 18, 19, 20, 21, 22, 25, 26, 27, 29, 30, 32, 33, 39, 42, 43, 48, 50, 52, 53, 56]
649 [11, 17, 18, 20, 23, 27, 28, 29, 31, 32, 33, 34, 37, 43, 54, 59, 61]
650 [26, 31, 32, 37, 39, 43, 44, 45, 48, 54, 61, 62]
651 [11, 13, 14, 17, 18, 19, 20, 21, 22, 24, 25, 26, 27, 29, 30, 32, 33, 35, 36, 39, 41, 42, 43, 46, 48, 49, 51, 52]
652 [8, 9, 12, 13, 14, 15, 18, 20, 21, 22, 24, 27, 30, 31, 35, 37, 38, 40, 42, 43, 48, 50, 55, 60]
653 [9, 10, 12, 13, 14, 15, 16, 17, 18, 19, 20, 21, 22, 23, 24, 25, 26, 27, 28, 29, 30, 31, 32, 33, 34, 35, 36, 37, 38, 39, 40, 41, 43, 44, 48, 49, 52, 56, 58, 59, 61]
654 [17, 19, 20, 22, 24, 31, 32, 33, 37, 40, 43, 49, 50, 51, 58, 68, 76]
655 [16, 17, 18, 21, 23, 24, 26, 29, 31, 33, 34, 35, 40, 44, 52, 57, 59]
656 [12, 21, 22, 23, 24, 25, 28, 29, 30, 31, 33, 36, 37, 38, 45, 48, 55, 57, 60, 64]
657 [21, 22, 26, 31, 32, 33, 35, 36, 40, 41, 43, 47, 54, 55, 57]
658 [10, 11, 12, 21, 24, 25, 26, 27, 28, 33, 35, 45, 48, 51, 59, 61, 62, 64, 66, 71]
659 [7, 10, 14, 15, 23, 27, 28, 29, 30, 31, 34, 36, 37, 39, 40, 41, 42, 43, 48, 49, 56, 62]
660 [3, 11, 15, 19, 20, 25, 27, 29, 37, 42, 45, 47, 48, 50, 58, 61, 64]
661 [8, 9, 10, 11, 15, 16, 17, 18, 21, 22, 23, 24, 27, 31, 33, 35, 37, 38, 39, 40, 42, 45, 46, 47, 60]
662 [23, 24, 28, 31, 32, 33, 34, 35, 40, 41, 44, 45, 46, 47, 49, 52, 61, 62, 63, 67, 68, 69]
663 [9, 19, 20, 22, 23, 27, 28, 29, 34, 38, 44, 48, 50, 52, 58]
664 [30, 38, 40, 41, 44, 45, 49, 51, 54, 62, 64, 65]
665 [14, 16, 22, 24, 25, 31, 33, 34, 37, 39, 42, 44, 45, 46, 47, 48, 49, 50, 51, 52, 53, 55, 56, 58, 59, 60, 61, 62, 63, 65, 66, 68, 69, 70, 71]
666 [3, 4, 5, 6, 8, 9, 10, 12, 14, 15, 16, 17, 19, 21, 22, 23, 25, 26, 27, 28, 29, 30, 31, 33, 34, 35, 36, 37, 38, 39, 40, 43, 44, 45, 48, 49, 50, 52, 53, 54]
667 [2, 17, 19, 20, 21, 22, 23, 26, 31, 32, 34, 35, 37, 39, 44, 53, 56, 58, 59, 64]
668 [12, 13, 14, 16, 20, 23, 24, 25, 26, 27, 28, 29, 30, 31, 32, 34, 37, 40, 42, 46, 47, 60, 64]
669 [8, 10, 16, 21, 22, 25, 27, 29, 30, 31, 39, 41, 43, 44, 46]
670 [0, 4, 7, 13, 19, 23, 24, 25, 26, 27, 28, 29, 30, 31, 33, 35, 38, 40, 42, 43, 46, 52, 54, 57, 59]
671 [12, 16, 17, 19, 22, 24, 27, 28, 30, 32, 34, 35, 38, 40, 42, 46, 49, 52, 54, 65, 67]
672 [16, 17, 20, 23, 27, 29, 32, 37, 38, 40, 41, 42, 46, 47, 49, 55]
673 [16, 27, 30, 31, 32, 36, 37, 45, 49, 51]
674 [9, 12, 22, 23, 31, 32, 33, 34, 35, 36, 37, 40, 41, 42, 43, 48, 49, 51, 53, 60, 66, 69, 70, 71]
675 [16, 19, 20, 22, 26, 27, 32, 33, 37, 46, 51, 54, 59, 63]
676 [7, 9, 10, 13, 14, 15, 18, 21, 22, 25, 26, 27, 29, 31, 34, 41, 43, 47]
677 [32, 33, 35, 39, 41, 42, 44, 45, 48, 54, 63, 64, 65]
678 [1, 7, 8, 9, 11, 12, 16, 20, 22, 23, 25, 26, 27, 28, 29, 31, 32, 33, 34, 36, 38, 40, 42, 43, 44, 47, 48, 49, 50, 52, 53, 57, 60]
679 [15, 19, 21, 24, 25, 26, 30, 32, 35, 39, 42, 51]
680 [2, 5, 6, 11, 12, 13, 15, 16, 17, 19, 20, 22, 23, 25, 26, 29, 34, 35, 36, 49, 50]
681 [8, 13, 14, 16, 17, 19, 20, 21, 22, 26, 29, 30, 31, 34, 37, 38, 39, 44, 45, 46, 47, 51, 53, 55]
682 [7, 9, 10, 13, 14, 16, 18, 19, 20, 22, 23, 24, 25, 26, 27, 28, 29, 32, 33, 34, 35, 36, 42, 45, 51, 54]
683 [3, 8, 11, 15, 16, 21, 24, 25, 29, 31, 33, 34, 38, 39, 41, 48, 51, 61]
684 [1, 10, 14, 16, 18, 20, 23, 25, 26, 29, 30, 31, 36, 38, 40, 41, 44, 48, 51, 53, 54, 60, 61, 62, 64, 70, 74, 75]
685 [13, 14, 23, 24, 25, 26, 27, 28, 30, 32, 39, 40, 41, 42, 47, 50, 59]
686 [7, 13, 15, 22, 23, 25, 27, 29, 32, 33, 34, 35, 37, 38, 39, 42, 45, 49, 50]
687 [14, 15, 17, 18, 19, 20, 21, 22, 24, 25, 26, 28, 29, 32, 35, 40, 45, 47, 48, 50, 51, 57, 58, 62]
688 [6, 11, 13, 14, 15, 16, 18, 19, 21, 22, 23, 25, 27, 29, 36, 39, 43, 46]
689 [5, 13, 16, 17, 19, 22, 27, 28, 30, 31, 33, 35, 36, 42, 48, 51, 56, 57, 58, 60, 63]
690 [7, 10, 13, 14, 15, 16, 17, 18, 19, 20, 21, 22, 23, 24, 25, 26, 27, 29, 30, 33, 35, 38, 46, 56, 59]
691 [12, 13, 14, 16, 17, 18, 19, 21, 22, 23, 24, 25, 28, 29, 30, 31, 34, 35, 40, 43, 44, 47, 50, 57, 59, 60]
692 [21, 24, 26, 27, 30, 31, 36, 37, 46, 47, 48]
693 [4, 5, 9, 10, 12, 13, 14, 15, 17, 18, 19, 20, 21, 22, 25, 26, 28, 29, 30, 31, 34, 35, 36, 40, 41, 42, 45, 47, 48, 49, 51, 52, 53, 54, 55, 61, 66]
694 [14, 17, 20, 25, 29, 32]
695 [25, 31, 34, 36, 39, 41, 42, 43, 45, 46, 47, 48, 49, 50, 51, 52, 56, 60]
696 [12, 13, 14, 16, 18, 20, 23, 24, 28, 33, 36, 45, 49, 50]
697 [8, 10, 11, 17, 18, 19, 20, 22, 23, 24, 26, 28, 29, 31, 32, 33, 36, 39, 53, 55, 60, 62, 67, 68, 69]
698 [1, 2, 13, 14, 16, 17, 18, 19, 20, 23, 24, 25, 26, 27, 29, 33, 34, 36, 38, 39, 40, 41, 42, 43, 44, 47]
699 [4, 6, 15, 17, 18, 25, 28, 37, 39, 40, 43, 51, 52, 53, 57, 58, 59]
700 [13, 17, 23, 31, 33, 38, 42, 43, 48, 49, 51, 53]
701 [33, 34, 35, 36, 37, 42, 43, 44, 46, 47, 58]
702 [14, 15, 16, 18, 19, 20, 21, 23, 24, 26, 27, 28, 29, 31, 33, 34, 35, 37, 38, 39, 41, 42, 43, 45, 47, 48, 50, 51, 53, 57]
703 [10, 11, 12, 13, 14, 15, 16, 17, 18, 19, 20, 22, 24, 25, 26, 27, 30, 31, 32, 33, 34, 36, 41, 44, 48, 51, 52, 54, 56, 61, 65]
704 [1, 7, 15, 16, 17, 21, 22, 23, 25, 26, 28, 29, 31, 33, 34, 37, 38, 39]
705 [10, 12, 16, 17, 19, 20, 21, 23, 25, 26, 27, 28, 31, 32, 35, 36, 38, 39, 42, 43, 45, 47, 48, 49, 50, 51, 52, 54, 55, 56, 58]
706 [11, 13, 14, 16, 17, 19, 20, 21, 22, 25, 26, 27, 30, 33, 38, 39, 41, 43, 50, 51]
707 [1, 5, 9, 10, 11, 13, 14, 15, 16, 18, 19, 21, 23, 24, 25, 28, 29, 30, 31, 32, 34, 35, 38, 39, 40, 45, 48, 49, 54, 55, 60]
708 [30, 31, 34, 35, 36, 37, 38, 39, 40, 42, 45, 46, 48, 50, 53, 54, 58]
709 [8, 18, 19, 23, 25, 26, 27, 28, 29, 30, 31, 32, 33, 34, 35, 36, 38, 40, 42, 43, 44, 45, 46, 48, 49, 50, 51, 52, 53, 54, 56, 57, 58, 59, 60, 61, 62, 63, 66, 67, 68]
710 [5, 6, 7, 8, 9, 10, 11, 12, 13, 14, 15, 18, 20, 21, 22, 24, 25, 26, 27, 28, 29, 30, 31, 33, 34, 36, 40, 51]
711 [16, 18, 21, 23, 24, 28, 29, 30, 31, 34, 35, 38, 39, 40, 41, 45, 51, 52, 54, 55, 57, 58, 62, 64, 70]
712 [15, 16, 19, 20, 21, 22, 23, 24, 25, 26, 27, 28, 29, 30, 31, 32, 33, 35, 36, 37, 38, 43, 45, 51]
713 [11, 20, 21, 22, 25, 26, 27, 28, 29, 30, 31, 33, 35, 37, 38, 39, 41, 42, 44, 48, 49, 53, 54, 55, 56]
714 [12, 19, 20, 23, 25, 28, 30, 31, 32, 34, 36, 37, 39, 42, 48, 50, 55]
715 [30, 31, 37, 38, 40, 43, 45, 48, 49, 50, 52, 53, 61, 63, 65]
716 [33, 36, 38, 41, 43, 49, 59]
717 [18, 21, 22, 23, 30, 34, 35, 38, 39, 40, 43, 44, 50, 52, 54, 55, 57, 58, 59, 62, 64, 67, 69, 72]
718 [13, 20, 24, 25, 26, 28, 30, 34, 35, 36, 37, 38, 39, 40, 41, 42, 43, 44, 48, 49, 56, 61]
719 [5, 11, 14, 17, 18, 19, 21, 23, 26, 27, 29, 30, 33, 34, 41, 44, 54, 55]
720 [7, 8, 9, 12, 13, 14, 16, 19, 22, 23, 24, 25, 26, 28, 29, 30, 31, 33, 35, 36, 38, 42, 43, 44, 45, 47, 50, 53, 63]
721 [2, 11, 12, 16, 17, 18, 20, 21, 22, 23, 24, 25, 28, 29, 30, 31, 32, 35, 36, 37, 40, 42, 43, 45, 46, 48, 50, 54, 56, 57, 62, 65, 66, 68, 70, 71, 72, 74]
722 [17, 20, 22, 23, 24, 26, 27, 28, 29, 31, 33, 35, 36, 37, 41, 42, 44, 47, 48, 49, 54, 57, 58, 59, 69]
723 [29, 30, 33, 38, 42, 43, 46, 48]
724 [6, 14, 15, 16, 17, 19, 22, 23, 25, 30, 33, 37, 38, 42, 45]
725 [4, 6, 8, 11, 12, 13, 14, 17, 18, 19, 20, 21, 22, 23, 24, 28, 29, 30, 31, 32, 34, 36, 37, 39, 40, 41, 46, 47, 49, 54, 61]
726 [11, 16, 22, 25, 27, 30, 31, 32, 34, 35, 37, 38, 39, 40, 45, 47, 52, 56]
727 [25, 26, 29, 33, 34, 35, 36, 38, 39, 40, 41, 42, 45, 47, 52, 55]
728 [6, 8, 9, 10, 11, 12, 13, 14, 17, 19, 21, 22, 24, 26, 27, 28, 29, 33, 34, 43, 48, 59]
729 [11, 13, 14, 15, 17, 18, 19, 20, 22, 24, 25, 27, 28, 32, 40, 45, 48]
730 [13, 17, 18, 19, 20, 22, 23, 28, 33, 34, 37, 39, 40, 41, 42, 44, 45, 47, 50, 51, 54, 57, 60, 61, 63]
731 [13, 14, 17, 18, 19, 20, 21, 22, 23, 24, 25, 26, 27, 28, 29, 30, 33, 34, 35, 39, 40, 41, 43, 47, 48, 49, 53, 55, 56, 57, 62, 64]
732 [32, 33, 34, 38, 39, 40, 41, 42, 46, 47, 48, 50, 56]
733 [10, 16, 17, 19, 21, 22, 24, 25, 27, 28, 29, 34, 37, 41, 42, 44, 47, 48, 56, 60, 61, 63, 64, 65, 68, 73, 75, 79, 81]
734 [25, 27, 28, 32, 33, 34, 35, 36, 38, 39, 40, 42, 44, 45, 47, 52, 53, 55, 60, 61, 73]
735 [32, 34, 37, 38, 39, 42, 44, 45, 46, 47, 48, 49, 50, 51, 54, 55, 59, 60, 61]
736 [0, 7, 8, 10, 12, 13, 14, 15, 16, 17, 20, 21, 25, 27, 28, 31, 32, 34, 35, 37, 38, 42, 45, 49, 51, 52, 54, 56]
737 [9, 10, 11, 13, 14, 15, 16, 17, 18, 20, 21, 22, 23, 25, 26, 27, 28, 29, 31, 32, 35, 36, 40, 46]
738 [5, 6, 7, 8, 10, 11, 12, 14, 15, 16, 17, 18, 19, 20, 22, 23, 25, 26, 27, 29, 30, 31, 32, 34, 36, 37, 39, 43, 52, 53]
739 [0, 10, 11, 12, 13, 14, 15, 16, 18, 19, 20, 21, 22, 23, 26, 27, 29, 30, 31, 32, 35, 37, 43, 44, 59, 66]
740 [14, 16, 18, 23, 24, 25, 26, 27, 28, 29, 30, 31, 32, 35, 36, 39, 40, 52]
741 [22, 23, 24, 25, 26, 27, 28, 29, 31, 34, 35, 37, 38, 41, 44, 45, 49, 50, 53, 54, 65]
742 [27, 36, 37, 38, 40, 41, 42, 43, 44, 47]
743 [18, 19, 20, 22, 23, 24, 25, 26, 28, 29, 30, 32, 33, 34, 36, 38, 39, 40, 41, 42, 44, 46, 47, 48, 67]
744 [18, 19, 21, 22, 23, 24, 25, 26, 28, 29, 30, 31, 33, 34, 35, 38, 39, 40, 42, 43, 45, 48, 51, 53, 56, 58, 61, 65, 68]
745 [6, 11, 14, 17, 18, 20, 21, 22, 23, 24, 25, 26, 27, 29, 31, 32, 33, 35, 36, 37, 38, 39, 41, 42, 43, 44, 45, 48, 49, 51, 52]
746 [1, 2, 3, 4, 5, 6, 7, 8, 9, 11, 12, 13, 14, 15, 16, 17, 18, 19, 20, 21, 22, 23, 24, 25, 27, 28, 29, 30, 34, 35, 37, 41, 44, 45]
747 [20, 21, 25, 26, 29, 33, 34]
748 [16, 19, 21, 23, 24, 25, 27, 30, 34, 37, 40, 43, 44, 46, 47, 49, 54]
749 [9, 13, 17, 18, 19, 20, 21, 22, 23, 24, 25, 26, 27, 28, 29, 30, 31, 32, 33, 34, 36, 37, 38, 39, 40, 41, 42, 44, 46, 48]
750 [8, 9, 12, 13, 14, 15, 16, 18, 19, 21, 22, 24, 25, 26, 27, 29, 31, 32, 33, 34, 37, 39, 40, 41, 42, 43, 47, 48, 50, 53, 55, 58, 59]
751 [10, 12, 16, 17, 18, 19, 20, 21, 23, 24, 25, 26, 27, 28, 29, 31, 32, 33, 34, 35, 37, 38, 41, 42, 46, 52, 54, 57]
752 [7, 10, 12, 13, 17, 19, 21, 23, 25, 27, 29, 31, 33, 36, 41, 43, 44, 48, 49]
753 [1, 6, 7, 8, 9, 10, 11, 12, 13, 14, 15, 17, 18, 19, 20, 21, 22, 23, 24, 25, 26, 27, 28, 29, 31, 32, 33, 34, 35, 36, 37, 38, 39, 41, 42, 43, 47, 48, 52, 58, 60]
754 [1, 6, 7, 10, 12, 15, 16, 17, 18, 19, 21, 22, 25, 27, 28, 30, 32, 34, 35, 36, 41, 43, 47, 49, 51, 57]
755 [7, 9, 10, 11, 12, 14, 15, 16, 17, 18, 19, 20, 22, 23, 24, 27, 28, 31, 32, 33, 34, 35, 36, 38, 39, 41, 42, 43, 50, 51, 52, 59, 61, 62]
756 [5, 8, 12, 13, 15, 16, 17, 19, 21, 22, 24, 27, 28, 29, 30, 31, 32, 33, 36, 38, 40, 43, 51, 57]
757 [10, 12, 13, 14, 15, 16, 17, 18, 19, 20, 21, 22, 23, 24, 26, 27, 29, 30, 32, 33, 35, 37, 38, 39, 40, 49, 52, 58]
758 [16, 20, 21, 22, 23, 25, 27, 28, 30, 34, 35, 43]
759 [13, 15, 16, 18, 19, 20, 22, 23, 24, 26, 27, 28, 30, 32, 33, 34, 36, 37, 40, 41, 42, 59]
760 [12, 13, 20, 21, 22, 23, 24, 28, 31, 32, 34, 35, 43]
761 [20, 23, 25, 26, 28, 29, 33, 35, 36, 38, 39, 41, 44, 46, 47, 48, 49, 53, 54]
762 [1, 17, 19, 20, 22, 25, 26, 28, 29, 30, 33, 38, 41, 42, 45, 49, 50, 55]
763 [15, 16, 18, 20, 22, 24, 28, 29, 30, 35, 36, 37, 38, 41, 42, 43, 45, 47, 50, 51, 52, 53, 54, 55, 57, 58]
764 [13, 21, 23, 25, 26, 28, 32, 33, 34, 35, 40, 41, 43, 46, 52, 56, 61, 66]
765 [10, 14, 16, 17, 18, 19, 20, 21, 23, 24, 25, 28, 30, 33, 34, 41, 48]
766 [5, 6, 8, 9, 10, 11, 13, 14, 15, 16, 17, 19, 21, 22, 24, 26, 28, 29, 31, 32, 34]
767 [26, 28, 30, 31, 32, 33, 34, 35, 36, 37, 40, 41, 42, 43, 44, 45, 46, 47, 49, 50, 53, 54, 55, 57, 58, 64]
768 [1, 3, 10, 11, 12, 14, 15, 16, 18, 19, 20, 21, 22, 26, 27, 28, 30, 31, 32, 34, 37, 38, 39, 41, 44, 45, 46, 50, 52, 56]
769 [16, 19, 22, 26, 28, 29, 30, 31, 32, 39, 40, 42, 44, 45]
770 [9, 10, 14, 18, 22, 26, 28, 29, 31, 32, 36, 39, 41, 42, 44, 47, 48, 50]
771 [3, 5, 7, 8, 9, 10, 11, 13, 14, 15, 16, 17, 18, 20, 21, 22, 25, 26, 29, 30, 31, 32, 33, 34, 37, 38, 39, 40, 50]
772 [6, 11, 13, 16, 19, 20, 22, 23, 26, 28, 30, 31, 33, 35, 37, 38, 40, 44, 45, 46]
773 [18, 19, 21, 23, 25, 28, 29, 30, 31, 37, 43]
774 [17, 18, 19, 20, 21, 22, 23, 24, 25, 26, 27, 28, 29, 31, 32, 33, 34, 35, 36, 37, 38, 39, 40]
775 [7, 12, 14, 15, 16, 17, 18, 19, 20, 21, 24, 26, 28, 29, 30, 31, 34, 35, 36, 37, 42, 46, 60, 61]
776 [17, 22, 26, 29, 30, 31, 36, 37, 43, 45, 49, 51]
777 [14, 16, 17, 18, 19, 21, 22, 23, 24, 26, 27, 28, 30, 31, 33, 34, 36, 37, 38, 40, 41, 43, 46, 49, 50, 53, 59, 63, 66, 71]
778 [3, 12, 14, 15, 16, 17, 19, 22, 26, 29, 32, 34, 40, 43, 52]
779 [11, 12, 14, 15, 16, 18, 19, 20, 21, 23, 25, 28, 29, 32, 34, 35, 37, 43, 45, 46, 48, 50, 53, 54, 55, 56, 57, 61, 64, 66]
780 [11, 13, 14, 15, 16, 17, 18, 19, 20, 21, 23, 24, 25, 26, 27, 28, 30, 31, 32, 35, 36, 37, 39, 42]
781 [6, 9, 14, 15, 16, 17, 18, 20, 21, 22, 24, 25, 26, 29, 30, 31, 32, 34, 40, 43, 48, 52, 53]
782 [23, 26, 27, 29, 30, 31, 32, 34, 35, 36, 39, 40, 44, 53, 55]
783 [22, 23, 25, 27, 28, 29, 30, 32, 33, 38, 40, 46, 48, 51, 56, 60]
784 [5, 8, 9, 10, 13, 14, 18, 19, 20, 22, 23, 25, 26, 27, 29, 32, 35, 38, 40, 43, 45, 48, 54, 58, 60]
785 [1, 2, 6, 7, 9, 11, 12, 13, 14, 15, 16, 17, 18, 19, 20, 21, 22, 23, 24, 25, 27, 29, 31, 32, 34, 36, 37, 40, 43]
786 [0, 6, 7, 9, 10, 11, 12, 15, 16, 18, 19, 20, 21, 22, 23, 24, 25, 26, 27, 28, 29, 30, 31, 32, 33, 34, 35, 36, 37, 38, 39, 40, 41, 42, 43, 44, 45, 46, 47, 48, 49, 50, 51, 52, 53, 55, 56]
787 [3, 10, 11, 13, 14, 17, 19, 20, 22, 24, 26, 27, 29, 30, 32, 35, 36, 41, 43, 45, 47, 49, 54, 55, 57, 63, 68, 73]
788 [1, 2, 3, 4, 5, 6, 7, 8, 9, 10, 11, 12, 13, 15, 16, 17, 18, 19, 20, 21, 22, 23, 24, 25, 26, 27, 28, 29, 30, 32, 33, 34, 35, 36, 38, 41, 47]
789 [10, 17, 18, 19, 21, 22, 23, 24, 25, 26, 27, 30, 31, 32, 34, 35, 37, 38, 39, 40, 41, 44, 46, 55, 67, 68]
790 [10, 12, 14, 15, 16, 19, 20, 21, 22, 23, 26, 27, 28, 31, 32, 34, 35, 36, 39, 41, 43, 44, 46, 50, 51, 54, 55, 58, 59]
791 [10, 13, 16, 18, 20, 21, 22, 24, 25, 28, 29, 30, 31, 32, 33, 36, 37, 38, 39, 41, 42, 44, 45, 46, 53, 59]
792 [7, 9, 11, 12, 14, 15, 16, 18, 19, 20, 22, 23, 25, 26, 28, 29, 31, 32, 33, 34, 35, 37, 39, 40, 42, 43, 45, 48, 49, 51]
793 [16, 20, 21, 22, 23, 24, 26, 28, 32, 33, 39, 40, 41, 42]
794 [9, 14, 15, 17, 18, 20, 22, 23, 24, 27, 29, 30, 31, 32, 36, 37, 39]
795 [14, 18, 19, 20, 21, 23, 24, 25, 28, 29, 33, 35, 38, 40, 41, 42, 52, 53, 60]
796 [20, 25, 26, 29, 30, 31, 33, 34, 35, 36, 37, 38, 39, 40, 41, 43, 44, 45, 46, 48, 49, 50, 62]
797 [14, 20, 28, 32, 34, 35, 36, 40, 41, 42, 44, 45, 47, 48, 49, 50, 52, 54, 58, 60, 61, 64]
798 [1, 10, 12, 13, 15, 16, 17, 18, 19, 20, 22, 24, 26, 28, 31, 32, 33, 34, 37, 39, 42, 43, 46, 53]
799 [23, 26, 27, 28, 29, 30, 31, 32, 33, 34, 36, 37, 38, 39, 42, 43, 44, 45, 47, 49, 50, 52]
800 [24, 29, 30, 31, 33, 40]
801 [16, 27]
802 [18, 24, 29, 32, 35, 39]
803 [25, 27, 32, 34, 37, 39, 40]
804 [3, 5, 6, 8, 12, 14, 16, 17, 20, 26, 27, 38]
805 [7, 10, 15, 19, 20, 21, 22, 24, 28, 33, 34, 42, 48, 51]
806 [4, 9, 13, 16, 19, 20, 26, 28, 29, 30]
807 [15, 17, 21, 24, 28, 29, 31, 38, 40]
808 [4, 7, 9, 10, 11, 14, 15, 16, 18, 21, 22, 28, 30, 31, 34, 35, 38, 44]
809 [24, 25, 28, 30, 31, 35, 37, 38, 40, 41, 42, 43, 44, 45, 46, 48, 49, 51, 52, 53, 56, 58, 61, 62, 64, 68, 69]
810 [3, 4, 8, 14, 17, 18, 22, 26, 28, 30, 32, 34, 38, 39, 43]
811 [11, 17, 20, 23, 31, 33, 38, 40, 41, 43, 44, 46, 47, 48, 55, 56, 58, 63, 67]
812 [4, 7, 10, 11, 15, 17, 18, 19, 20, 21, 22, 24, 25, 26, 29, 30, 32, 33, 34, 36, 37, 38, 39, 40, 45]
813 [1, 2, 3, 4, 7, 8, 9, 11, 13, 14, 18, 19, 21, 22, 23, 24, 25, 27, 28, 30, 31, 32, 34, 36, 38, 40, 52, 57]
814 [8, 13, 15, 17, 20, 21, 22, 23, 25, 26, 27, 29, 30, 34, 36, 37, 38, 40]
815 [0, 5, 6, 8, 9, 10, 15, 16, 17, 18, 19, 20, 21, 22, 23, 24, 25, 26, 28, 29, 31, 32, 33, 35, 36, 38, 41, 42, 44, 48, 54]
816 [1, 2, 3, 5, 7, 10, 13, 15, 16, 17, 20, 21, 22, 24, 27, 28, 31, 32, 33, 34, 35, 38, 40, 41, 42, 43, 46, 47, 48, 49, 50, 52, 53, 54, 56, 57, 58]
817 [2, 3, 4, 6, 7, 11, 13, 17, 18, 19, 22, 24, 26, 27, 29, 31, 32, 35, 38, 40, 43, 49, 52, 53, 62, 63]
818 [12, 13, 17, 19, 20, 21, 23, 24, 27, 33, 34, 35, 36, 41]
819 [17, 18, 24, 25, 26, 27, 29, 31, 33, 34, 35, 36, 37, 38, 39, 40, 41, 42, 43, 45, 46, 50]
820 [4, 5, 6, 7, 10, 11, 12, 14, 15, 16, 17, 19, 21, 22, 23, 24, 25, 27, 29, 30, 31, 33, 35, 41, 42]
821 [16, 23, 25, 34, 35, 40, 43, 50, 54, 58]
822 [18, 25, 35, 40, 43, 45, 52]
823 [16, 25, 26, 27, 29, 31, 32, 33, 35, 36, 38, 39, 42, 46, 49, 50]
824 [8, 12, 16, 20, 22, 24, 27, 28, 33, 34, 35, 37, 38, 43, 44, 45, 46, 47, 48, 50, 51, 52, 59, 60, 63]
825 [7, 11, 12, 14, 16, 17, 18, 23, 24, 27, 30, 31, 32, 35, 36, 38, 39, 41, 42, 43, 45, 48, 49, 50, 51, 55, 56, 57, 58, 66, 68, 70]
826 [15, 17, 20, 24, 26, 33, 45, 48, 52]
827 [5, 9, 11, 13, 17, 18, 21, 22, 27, 30, 31, 37, 38, 46, 54]
828 [8, 17, 18, 29, 37, 38]
829 [3, 9, 12, 16, 23, 25, 28, 29, 31, 36, 40, 41, 44, 46, 48]
830 [14, 16, 21, 23, 24, 32, 34, 41, 43, 44, 46, 47, 49, 50, 51, 55, 57, 58]
831 [1, 2, 5, 6, 8, 10, 12, 14, 15, 17, 18, 19, 20, 21, 22, 23, 26, 27, 29, 31, 32, 33, 34, 38, 41, 44]
832 [8, 11, 12, 14, 17, 18, 19, 20, 21, 22, 23, 24, 28, 30, 33, 37]
833 [27, 36, 41]
834 [5, 6, 7, 12, 14, 16, 17, 18, 19, 20, 21, 22, 24, 25, 27, 28, 30, 31, 32, 33, 34, 36, 38, 43, 44]
835 [27, 30, 31, 33, 48]
836 [12, 16, 23, 25, 27, 33, 34, 35, 39, 42, 48, 54, 62]
837 [8, 15, 16, 17, 23, 24, 27, 31, 33, 43, 44, 49, 52, 54]
838 [17, 21, 24, 29, 32, 35, 38, 43, 48, 52, 54]
839 [8, 9, 13, 15, 17, 19, 23, 24, 25, 26, 27, 28, 29, 30, 32, 34, 38, 41, 47]
840 [14, 15, 22, 25, 26, 34]
841 [10, 11, 14, 16, 17, 19, 20, 25]
842 [10, 15, 16, 18, 19, 21, 22, 23, 24, 30, 32, 39]
843 [3, 4, 7, 8, 9, 11, 13, 14, 18, 19, 20, 21, 23, 24, 25, 26, 27, 29, 30, 33, 34, 48]
844 [11, 12, 14, 18, 19, 20, 21, 25, 26, 27, 28, 29, 32, 33, 34, 35, 37, 38, 39, 40, 41, 42, 43, 44, 45, 48, 49, 50]
845 [3, 11, 18, 19, 26, 28, 37, 43, 46, 51, 52]
846 [16, 17, 20, 22, 23, 24, 34]
847 [6, 8, 11, 12, 15, 16, 20, 21, 22, 23, 24, 25, 26, 27, 28, 29, 30, 31, 32, 33, 34, 35, 36, 37, 38, 39, 40, 41, 42, 43, 44, 45, 46, 47, 48, 49, 50, 51, 52, 53, 54]
848 [21, 22, 28, 30, 35, 37]
849 [12, 24, 25, 27, 28, 29, 30]
850 [1, 13, 18, 19, 22, 23, 24, 32, 34]
851 [37, 40, 47, 56]
852 [25]
853 [19, 21, 23, 24, 28, 29, 32, 34, 35, 38, 41, 42, 45, 46]
854 [21, 30, 38, 43]
855 [4, 5, 8, 16, 20, 21, 22, 23, 24, 25, 27, 28, 29, 30, 31, 32, 33, 36, 38, 39, 41, 42, 43, 50, 51]
856 [12, 13, 14, 18, 19, 22, 23, 24, 25, 26, 28, 29, 31, 33, 36, 41, 45, 46]
857 [2, 7, 8, 11, 13, 15, 18, 19, 24, 25, 27, 28, 30, 48]
858 [3, 7, 9, 12, 13, 15, 16, 17, 18, 20, 21, 22, 23, 24, 25, 26, 27, 28, 30, 31, 33, 34, 36, 39, 40]
859 [7, 9, 10, 12, 13, 14, 15, 17, 18, 19, 20, 21, 29, 32]
860 [1, 3, 5, 12, 13, 14, 16, 19, 20, 21, 24, 25, 27, 28, 29]
861 [15, 17, 25, 28, 30, 33, 37]
862 [19, 30, 38, 40, 44]
863 [2, 4, 10, 11, 13, 19, 25, 28, 29, 33, 34, 37, 40, 48, 50, 56]
864 [20, 27, 32, 41, 43, 51]
865 [26, 31, 44, 53, 56, 63]
866 [14, 17, 20, 25, 28, 34, 38, 41, 43, 44, 46, 51, 52, 54]
867 [0, 2, 17, 20, 25, 34, 45, 47, 52, 53, 66]
868 [9, 16, 26, 30, 39]
869 [37, 38, 45]
870 [31]
871 [22, 25, 26, 31, 32, 37, 38, 39, 41, 43, 44, 46, 47]
872 [12, 14, 17, 18, 25, 30, 31, 39, 41]
873 [7, 8, 13, 16, 21, 29, 34, 37, 44, 48, 49, 51, 56]
874 [20, 28, 29, 35, 37, 43]
875 [20, 21, 22, 37, 45, 51]
876 [4, 10, 11, 16, 21, 22, 23, 24, 28, 30, 33, 34, 41]
877 [27, 28, 29, 31]
878 [15, 18, 30, 31, 33]
879 [12, 16, 20, 22, 25]
880 [9, 14, 15, 18, 22, 25, 26, 27, 28, 29, 33]
881 [20, 22, 23, 32]
882 [16, 18, 26, 38]
883 [31, 38, 43]
884 [7, 17, 18, 20, 21, 25, 26, 31, 32, 35, 42, 49, 50]
885 [5, 30, 44]
886 [6, 7, 8, 13, 16, 19, 20, 22, 26, 27, 29, 33, 34, 37, 43]
887 [3, 7, 9, 10, 12, 14, 16, 20, 27, 29, 34, 38, 40, 42, 52, 53, 58]
888 [19, 21]
889 [9, 11, 14, 15, 27, 32, 36, 42]
890 [21, 26, 32, 33, 35, 36, 42, 44]
891 [21, 32, 36, 49]
892 [22, 30]
893 [5, 12]
894 [8, 10, 16, 22, 25, 29, 33]
895 [4, 10, 13, 18, 20, 22, 23, 26, 28, 40, 43, 44]
896 [6, 7, 15, 19, 25, 28, 33, 37, 46, 52, 55, 62]
897 [0, 1, 2, 4, 5, 7, 9, 12, 14, 17, 19, 20, 23, 24, 26, 30, 31, 36, 37, 39, 42, 44]
898 [13, 17, 24, 28, 32, 37, 38, 39, 44]
899 [8, 14, 20, 22, 24, 26, 28, 29, 33, 34, 35, 44]
900 [2, 3, 4, 5, 7, 8, 9, 11, 12, 13, 14, 15, 16, 17, 18, 19, 20, 22, 23, 24, 25, 26, 27, 28, 30, 31, 32, 33, 35, 36, 37, 38, 40, 42, 43, 44, 45, 46, 48, 50, 51, 53]
901 [1, 11, 17, 18, 20, 21, 22, 23, 24, 26, 27, 30, 31, 32, 33, 36, 37, 40, 41, 42, 44, 45, 47, 49, 50, 55]
902 [38, 46]
903 [8, 9, 11, 13, 14, 15, 17, 21, 26, 28, 29, 31, 32, 33, 37, 39, 43, 44, 47, 49, 51, 55]
904 [11, 17, 24, 30, 31, 34]
905 [12, 22, 30, 46]
906 [11, 20, 25, 31, 49, 62]
907 [13, 19, 21, 27, 28, 31, 32, 33, 35, 42, 43]
908 [19, 22, 28, 29, 31, 32, 33, 36, 39, 40, 41, 42, 43, 47, 48, 49, 50, 56, 57, 62]
909 [12, 19, 20, 22, 24, 26, 27, 28, 29, 30, 31, 32, 33, 37, 38, 40, 41, 42, 45, 54]
910 [13, 14, 17, 20, 24, 25, 30, 32, 35, 36, 42, 44, 46, 47, 51, 53, 65]
911 [20, 27, 28, 29, 30, 31, 32, 33, 35, 36, 38, 40, 43]
912 [16, 19, 24, 25, 29, 30, 35, 37, 39, 41, 45, 46, 54]
913 [26, 27, 28, 36, 37]
914 [32, 38, 45]
915 [19, 24, 25, 27, 30, 32, 33, 34, 35, 36, 37, 38, 39, 41, 47]
916 [40, 42, 44, 49, 52, 53]
917 [37, 38, 42, 45, 47, 48, 49]
918 [4, 6, 11, 14, 18, 19, 21, 23, 25, 27, 31, 32, 34, 35, 36, 37, 40, 41, 42, 44, 45, 46, 47, 48, 50, 51, 52, 53, 54, 55, 56, 57]
919 [7, 13, 15, 20, 21, 22, 23, 24, 25, 26, 27, 29, 31, 33, 34, 36, 37, 38, 41, 42, 43, 44, 45, 49, 51, 52, 53, 54, 55, 56]
920 [21, 22, 23, 24, 25, 26, 29, 31, 32, 33, 34, 35, 36, 37, 39, 40, 43, 49]
921 [33, 37, 44]
922 [35, 36, 37, 38, 41, 42, 47]
923 [18, 29, 36, 43, 44, 49]
924 [24, 30, 31, 34, 37, 38, 39, 40, 45, 47, 49, 51, 52, 53]
925 [11, 19, 22, 24, 25, 26, 27, 30, 31, 32, 33, 34, 35, 36, 37, 38, 40, 41, 42, 43, 44, 45, 46, 47, 48, 51, 52, 57, 60, 61, 63, 64, 65]
926 [11, 18, 20, 27, 28, 31, 33, 34, 35, 37, 42, 43, 45, 48, 49]
927 [15, 16, 18, 19, 23, 25, 26, 28, 32, 36, 37, 41, 42, 44, 49, 52, 54, 60, 61]
928 [8, 13, 17, 18, 19, 22, 24, 25, 26, 27, 29, 32, 33, 34, 36, 38, 40, 41]
929 [16, 23, 29, 35, 37, 45, 49, 51, 53]
930 [3, 4, 12, 15, 22, 29, 34, 36, 40, 43, 46, 47, 54, 55, 57, 58, 60, 62, 68]
931 [16, 18, 19, 21, 23, 25, 26, 27, 28, 30, 31, 32, 34, 35, 36, 37, 38, 39, 41, 42, 43, 46, 48, 50]
932 [21, 23, 27, 29, 31, 39, 42, 43, 44, 55, 58]
933 [16, 19, 20, 21, 22, 24, 25, 26, 30, 31, 32, 33, 34, 38, 42, 43, 46, 50, 51, 52, 58, 64]
934 [12, 16, 20, 22, 25, 26, 28, 29, 32, 33, 36, 38, 39, 42]
935 [27, 29, 30, 33, 35, 37, 42, 45, 49, 50, 53, 59]
936 [25, 27, 31, 33, 37, 38, 39, 40, 41, 42, 44, 48, 50]
937 [18, 29, 37, 43, 50]
938 [7, 8, 10, 13, 14, 16, 17, 18, 20, 21, 22, 23, 24, 26, 27, 29, 30, 31, 32, 33, 34, 35, 36, 37, 39, 40, 41, 42, 44, 45, 47]
939 [15, 19, 21, 22, 23, 24, 25, 28, 29, 30, 31, 32, 33, 35, 37, 38, 40, 43, 44, 46, 49, 51, 52, 53, 54, 56, 57]
940 [12, 13, 19, 22, 23, 26, 28, 30, 31, 36, 41]
941 [32, 38, 40, 43, 48, 51, 52]
942 [26, 36, 41]
943 [8, 17, 24, 26, 29, 34, 37, 45, 47, 54, 58]
944 [50, 55, 60]
945 [12, 19, 21, 24, 26, 27, 29, 31, 34, 35, 36, 37, 40, 45, 50, 53, 54, 55]
946 [6, 10, 15, 22, 26, 28, 29, 32, 35, 36, 37, 40, 41, 42, 44, 45, 46, 51, 55, 56, 57, 63]
947 [12, 15, 22, 28, 33, 37, 42]
948 [16, 19, 24, 25, 26, 31, 34, 35, 40, 41, 45, 46, 49, 51, 56, 64]
949 [10, 11, 13, 14, 15, 17, 18, 20, 21, 22, 23, 24, 25, 26, 27, 29, 32, 33, 34, 35, 37, 41, 42, 43, 44, 45, 46, 47, 48, 49, 52, 53, 57, 60, 61]
950 [19, 24, 29, 34, 35, 46]
951 [29, 46, 52, 55]
952 [18, 20, 22, 25, 28, 33, 36, 39, 41, 42, 43, 44]
953 [11, 12, 15, 18, 19, 20, 21, 24, 25, 26, 27, 30, 31, 33, 34, 35, 36, 39, 41, 42, 44, 50, 54, 55]
954 [33, 36, 41, 42, 43, 44, 46, 47, 48, 50]
955 [5, 6, 7, 9, 11, 12, 13, 15, 16, 17, 19, 20, 21, 22, 23, 24, 26, 28, 31, 32, 33, 34, 35, 36, 37, 38, 39, 40, 41, 45, 48, 49, 51, 52]
956 [16, 20, 22, 24, 25, 28, 31, 32, 33, 34, 36, 37, 39, 41, 42, 45, 49, 51, 52, 55, 57, 58, 60]
957 [23, 31, 33, 38, 43, 47]
958 [39, 41, 43, 44, 46, 50, 52]
959 [24, 29, 30, 35, 38, 40, 43, 46, 47]
960 [23, 24, 27]
961 [6, 7, 11, 12, 18, 20, 21, 22, 26, 27, 28, 30, 32, 33, 35, 37, 38, 39, 40, 41, 42, 44, 45, 49, 50, 52]
962 [24, 25, 29, 34, 38, 40, 41, 47, 51]
963 [33, 35, 51]
964 [9, 12, 14, 19, 21, 22, 23, 24, 25, 26, 29, 30, 31, 32, 34, 36, 37, 39, 40, 42, 43, 45, 50, 51, 54, 56, 57, 59, 60, 63, 66, 68, 70]
965 [6, 8, 15, 18, 22, 23, 24, 25, 26, 27, 28, 29, 30, 32, 33, 34, 35, 36, 39, 40, 41, 44, 46, 49, 53]
966 [5, 7, 10, 16, 18, 21, 22, 23, 30, 34, 41, 45, 49, 51]
967 [1, 4, 10, 15, 18, 19, 20, 23, 25, 26, 28, 29, 30, 32, 34, 36, 38, 40, 44, 47, 48, 51]
968 [15, 17, 18, 21, 24, 25, 27, 33, 36, 43, 44, 46, 48, 50]
969 [16, 25, 27, 30, 31, 33, 43, 49]
970 [15, 17, 22, 25, 26, 27, 28, 32, 35, 37, 41, 43, 44, 45, 46, 48, 51, 52, 61, 66, 68, 75]
971 [22, 35, 39, 41]
972 [14, 23, 29, 35, 41, 49, 54, 56, 57, 69]
973 [21, 32, 35, 38, 43, 44, 46, 51, 54]
974 [16, 21, 27, 29, 31, 34, 35, 36, 37, 39, 43, 44, 46, 47, 50, 52, 53, 54, 55, 56, 57, 58]
975 [27, 36, 47, 52, 55, 58, 60, 62]
976 [46, 55]
977 [2, 13, 29, 32, 33, 34, 36, 41, 49, 58]
978 [34, 35, 45]
979 [8, 11, 12, 13, 14, 16, 18, 20, 21, 22, 23, 25, 26, 28, 29, 30, 31, 32, 33, 35, 37, 38, 40, 41, 43, 44, 50]
980 [6, 11, 13, 16, 17, 18, 20, 21, 23, 24, 25, 27, 31, 32, 34, 36, 37, 42, 45, 46, 51, 52]
981 [19, 21, 22, 24, 25, 27, 31, 33, 37, 39, 42, 45, 48, 54, 56]
982 [11, 14, 17, 18, 21, 22, 24, 26, 29, 30, 32, 33, 34, 37, 38, 41, 42]
983 [9, 16, 21, 24, 29, 30, 33, 35, 39, 42, 45, 49, 55, 57, 59, 65]
984 [8, 12, 13, 16, 18, 20, 22, 24, 27, 29, 33, 37, 38, 39, 40, 41, 45, 46, 50, 51, 52, 53, 56, 57]
985 [19, 26, 31, 32]
986 [8, 11, 18, 20, 24, 25, 26, 28, 31, 32, 38, 39, 41, 47]
987 [11, 18, 22, 23, 24, 26, 28, 30, 31, 34, 35, 37, 38, 39, 41, 42, 43, 45, 50, 51, 57, 58, 62, 64]
988 [13, 15, 16, 18, 22, 23, 26, 27, 30, 31, 32, 36, 37, 40, 45, 47, 48]
989 [47, 48, 49, 55, 56, 57, 62, 63, 66, 67, 68, 69, 71]
990 [15, 18, 20, 24, 28, 31, 33, 34, 35, 41, 43, 54, 61, 63, 71]
991 [22, 26, 31, 33, 38, 39, 40, 42, 43, 45, 47, 49, 50, 51, 52, 57, 60]
992 [6, 8, 18, 19, 20, 22, 23, 25, 26, 27, 29, 31, 37, 38, 41, 44, 45, 57]
993 [14, 17, 20, 21, 23, 25, 29, 30, 31, 32, 34, 35, 36, 37, 38, 39, 40, 43, 44, 45, 46, 47, 50, 51, 52, 53, 54, 55, 57, 62, 63]
994 [14, 16, 17, 21, 22, 25, 26, 30, 32, 33, 34, 36, 37, 39, 41, 42, 43, 44, 49]
995 [10, 11, 15, 17, 19, 20, 23, 24, 25, 26, 29, 30, 31, 33, 35, 37, 40, 49]
996 [8, 15, 17, 18, 19, 25, 27, 30, 32, 35, 36, 39, 41, 43, 46, 48, 51, 52, 53, 56, 60, 67, 69, 74]
997 [1, 2, 3, 7, 8, 9, 10, 12, 13, 14, 16, 18, 20, 23, 24, 27, 32, 34, 40, 41]
998 [19, 32, 35, 40, 46, 48]
999 [24, 30, 31, 32, 34, 38, 43, 44]
1000 [6, 15, 18, 20, 21, 23, 24, 25, 26, 27, 28, 30, 31, 32, 33, 34, 35, 36, 37, 38, 41, 43, 45]